0.52677667186763977,-0.37451753039209346,-0.52770811704697951,0.096525583355247468,-0.27563752812230319,0.2885617233576489,-0.084460495622248499,-0.1572730928460058,0.17600187395160102,-0.26784717096362137,-0.024876285643488164
0.084920598503298431,-0.26005315594905609,-0.070817252302711492,-0.28929340363173484,0.049726346402910696,0.16496981877548364,-0.12097430744650424,0.63285899870123197,0.029581881137034399,0.4092643317368162,-0.47249303123534431
-0.042175549246994223,-0.39068593151542047,-0.055769424043183712,-0.050101239198488252,-0.36153980107008016,-0.44407738597495305,-0.065459903756559953,-0.69924474695761951,-0.025979229343698243,-0.090289063120581867,0.099971797113191957
0.50404272811579431,0.42209794567195019,-0.027762992353094589,-0.12109820573025255,0.037938112290535529,-0.009360121849624212,-0.13112335738764258,-0.65775951273570166,-0.20016274962874475,0.13246368164199182,-0.20822851949818857
-0.33301834845276168,-0.22796048050034709,-0.57149661441139665,0.25431549739695619,0.11997331126595803,-0.19893485118484375,-0.52144244910035742,-0.041319444516401273,0.24818787169809908,-0.069690968575424742,0.22763084372269501
-0.21424934617000541,0.46066047069465726,-0.40755256856389538,-0.17537316516938187,0.0056225417406296323,-0.53095458754938096,-0.116574301603692,-0.11567485919687515,-0.39334407221532947,-0.28473989869087196,0.017980775488176462
-0.21000508071966378,-0.1483192814340728,-0.11308323828194525,-0.1714285487385116,-0.39500203702850012,-0.3112715272514277,0.021759723846746178,0.071683205480442935,0.736455649167298,0.2528613896040649,-0.1639797082477599
0.37526032824443512,-0.26600643381217376,0.61339861251636218,-0.20932591102630396,-0.17032345615644795,-0.19336099554217687,-0.051238194081928895,-0.13562506096823393,0.16174708103149449,0.028804473092179459,-0.50391982343477781
0.27911818579055875,-0.36693673107548147,0.1305481447314123,0.15947355605750296,0.15610448933891033,-0.042478733303604563,0.71031212241642938,-0.29841095201361606,0.33667068834614883,-0.073994158522337233,0.079925532710413638
0.25672311872314096,0.19910142454207605,0.10714416403151741,-0.2033914749956367,-0.11728054860297348,-0.15445924413594911,-0.53505476560756038,-0.21568738388838685,0.51496265553206899,-0.42785724100148032,0.15145464289280375
0.20796128267689129,-0.33504823453587096,-0.094037981975452281,-0.033124739431539041,-0.41489930160375338,-0.53150872734729937,-0.34716518469355717,0.43479270903107409,-0.094852264873007894,-0.24204722760058919,-0.052528653867815411
0.16726315786382848,0.46482781073932244,-0.073897554382409567,-0.073888553982564609,-0.12702189554963797,0.62445461214970965,0.096742157622996913,-0.055991217474248081,-0.22679839738094434,-0.50295275765026981,0.14854830819948248
0.10980855872923369,-0.13226842860929169,0.33457021616172206,0.086652591883779106,-0.73206115381401682,0.16408278680547081,0.16684044894799596,0.10921882096487905,0.24247007729558731,-0.2324551820948613,0.3682022702624056
-0.24143022571037412,0.30400718831242596,0.045304015055809853,0.048293875145694665,0.38965322281140957,-0.33930409449928817,0.049636008573717812,-0.52797094458290905,0.44203778049610404,0.22542674093218495,0.2247615497268575
-0.29421125754075389,0.32139765304238138,-0.043774000586839105,0.49304039939576333,-0.034328813384344972,0.25563143579457853,0.065193028063954425,0.064377056705350599,0.61879639953405996,-0.32614804775482459,-0.030599315807077622
0.55381284418163079,-0.25727246299234258,0.37725077207558111,-0.056035326517228159,0.0076422475106061108,-0.053280383679139579,-0.15722969817588051,-0.13063071333205969,-0.46336593225171208,-0.17054734373755362,0.4395076363867047
0.18945112607381956,0.17750102661411962,0.15423290284686894,0.22601163402290372,0.3377346988997087,0.44279824973655102,0.31048872185451365,-0.012393387931980906,0.0050317218684267327,-0.0065450346095218053,-0.67154493101289037
0.12999637219483545,0.58986112845402972,0.016796202249737161,-0.049803982451859859,-0.48636288031223079,-0.026575448871235932,-0.14620730558181655,0.27351198951934169,0.10610779336936552,-0.082579449511388223,-0.52998445593911636
-0.14364885773691971,-0.24691515567156067,0.13457667028343462,0.45684437689693469,0.23644018100561248,-0.18245763913770913,-0.29828632835923674,0.33192071582464316,-0.47469994050335707,0.40634467761927312,0.11306357320989568
-0.22621848130116406,0.50735893240313124,0.41733151492448339,-0.53472350614079811,0.34791393633193496,0.094619268206656934,-0.22118262509679526,0.014075372771438596,-0.092610932113400116,0.16177999834443563,-0.13210206537117314
0.07290124823562491,0.11131704579795962,0.11908900842267088,0.32899592684786921,0.082999314867862883,0.13175053210273321,-0.59838752257381289,-0.11833133263622327,0.38004436813483106,0.45421687385483506,-0.33587155406803842
-0.21854190062415391,0.21922379498186226,0.042433303456527162,-0.42170615406892364,-0.065369665021013254,-0.028078065629711539,0.35323395318885981,-0.43247063560060806,0.24656721019740438,-0.44458942599804191,-0.38629251312057256
0.25748542353056009,-0.038447855908128742,-0.14815857816284814,-0.78583028982152758,-0.51346327979038331,0.017049455611533006,0.05020574243645104,-0.048163083815414225,-0.10073301095753236,0.11742382350041325,0.0056385896422533402
-0.2934997967776124,0.099688293708310616,-0.28205296658327816,-0.050560973927799256,-0.40409380507299075,0.41570381771404474,0.61142798867495396,0.22073072395484994,0.044155721773160433,0.18277331242179304,-0.16669225733067353
-0.71960073889282394,0.13847221926067674,-0.14688445284267831,0.15250745064301061,0.2285440966379288,-0.17873460423423465,0.015557445330518742,0.10529489842657618,0.024313458247609127,0.21577140419591892,-0.5248911319217292
0.42973294955743896,0.14735555311925663,-0.13814904359764901,0.40673524638105907,0.64732593618018675,0.18165798675935491,-0.20158060979678294,-0.10294587011184408,0.11154866746917233,-0.1820002912146208,0.24549321109447494
0.24000662542548462,0.52905944064943133,0.57177169074737655,0.23070414530978686,0.10981507356352711,-0.27101706689745081,0.25462529864930256,-0.05702500940955612,0.015799940341172554,-0.35635102057955109,0.038916265026467577
-0.33825172445769608,-0.036879485931052988,-0.097077769281867218,0.49800674859599653,-0.25603892444744797,-0.54438932630387604,0.43294425308886253,0.1285922632137112,-0.026230215448942881,-0.028664386627093672,0.24369821983933282
-0.090202052324356075,-0.27314396257662127,-0.028177964127494782,0.18584417538012138,0.12168501132843289,-0.12318545520298139,0.056418894085286858,-0.06377939902363923,-0.053307073309479445,-0.90452487750242583,0.15389675269003339
0.2452650350850285,0.038505608810096181,-0.25768291094556139,0.36220099765516389,0.13256162279629358,-0.53243115812492481,-0.0016456584510061054,-0.18745428260458546,0.29660984385146555,-0.23422482378027082,-0.51160172944925364
-0.17370038868192125,0.21123536685460367,0.26551042448169715,-0.21611107800728044,-0.13126266794896199,0.052635029531677396,0.52182596410101556,-0.4404175762365789,-0.38030683080605177,0.1616567273336342,0.38855053154863844
-0.11017884610862078,-0.17942734356790263,-0.16381299748146586,-0.18473471236566716,0.019150951723495541,0.2263652090913319,-0.51581983330033021,-0.21427604852464766,-0.26298277365650385,-0.25524211142488312,-0.62992386145688617
-0.38883227654078256,-0.088965064058590296,-0.15958079264704206,0.11812612240217017,0.32514640949762541,0.77629455707420403,-0.20930806415897532,0.13374144430949611,-0.043390244697558228,0.15798883131897351,0.067687644107943978
-0.4050004242450751,0.041820814044192613,-0.2992257944362785,-0.38154484775534514,0.095215994102885462,-0.10308334593627742,0.035131402844318232,0.2226739560982596,-0.022942058264222659,0.59167635546053599,0.42189538204177945
0.12552835543598728,-0.52210355879211012,-0.1256820366718191,0.062456312718944092,0.19225561541536443,0.12007193542490781,0.10266168902741604,0.57375290918459387,0.17851125470084273,-0.065146859050980735,0.51452118004167635
0.14063109749127153,0.018545253988996271,0.3392954472456074,0.064590954039060497,-0.43791657622815083,0.52368968256869775,-0.12619756413498548,-0.030777984580892176,-0.44230021925603646,0.3904468611726053,-0.17208259604439721
0.13690225435177933,0.21168982737148481,-0.023611355897189434,0.67063086550356232,-0.38805518864090299,-0.050678806204208886,-0.407619965563779,-0.21100510847309087,-0.23391976330157818,-0.2466544562620063,0.082174791956723031
-0.098492562811530154,-0.094918318889671408,0.5246350939441552,0.19809359792389145,0.10509661672470666,0.41796374667566488,-0.13957193606160351,-0.6347425938093858,0.088774952687199898,-0.22247101375725911,0.036260862827057115
-0.26528850020264327,-0.32073228316868646,-0.35129019066751338,-0.010089463240048191,-0.40094256544768353,0.19300429396098193,-0.049252500794821907,0.046233901219430627,-0.57415671484864939,-0.1334609881929566,0.39141981242529189
0.40170835632894669,0.37908711936588252,-0.32535200368299733,-0.1015177821414425,-0.092229310213178151,-0.20772208693908964,0.30793142423180564,0.029981101401763934,0.2026748159621172,-0.042040220377035566,0.62333278856872798
0.109241921363905,-0.21861609121896697,-0.095392999910513254,0.39324806778298527,-0.13045427794552325,0.23316517947236634,-0.026267629227282849,-0.3322369768961364,0.099499395314770325,0.50734701258183335,0.57164018619337287
0.0087065680465935793,0.35964486888193281,0.007035475877543519,0.065270382048809208,0.33629371155087528,-0.42673543940295444,-0.23206925937474993,0.60606653800146426,0.37316474618155288,0.073668598706826474,0.072261108039075622
-0.44079426160205609,0.057403376313323956,-0.20884483218568239,-0.46983988992865661,-0.13402366227598497,0.1583919210091769,-0.18572384042932594,0.48142111100510315,0.19979337112366494,-0.4322146741358161,0.044751489677469357
-0.10314444665411733,-0.17873049896638843,0.36357249095720184,-0.5354824643255508,0.1033565585110101,-0.54138314799691867,0.19603431727044673,0.094821497207684832,0.16509296262284154,-0.19359779120231882,0.350079353881314
0.022152082392186294,0.10845925031596855,-0.55320368040249046,0.40221278272049232,0.093158851150806965,0.10465052836920102,0.014561742186296064,0.55802437347142475,-0.25156763338678134,-0.27739674867347736,-0.22015372122713525
0.45550581276575969,0.033284068253498389,0.27341537008707478,-0.30614123682510358,0.10535800897835701,0.57879508686133607,0.018112202109426007,0.044645458589139354,0.44506927811254665,0.2225939428960606,0.16391505925391564
0.52057129963862792,0.11409854846982175,-0.058502315025236604,-0.45680782031281819,0.36544570757873651,-0.12413471448923261,-0.00027725010668955811,0.26169961661087293,-0.11997624241442802,-0.44854140554170885,-0.26619670867087386
0.065397705515666246,0.3678511532576989,-0.6628684062700414,-0.25568732497902358,0.2661139834104097,0.20207691023585811,-0.033483899498652596,-0.021132266803658838,0.40356484660943959,0.13895593384398713,-0.24544923296289786
-0.33827675883687575,0.26259335117038973,0.25795799175740924,0.12281863530137659,0.097226795005913233,0.062479277875695863,-0.26517150661274569,0.089109826559548327,-0.032622012177158113,-0.19181715786576528,0.77814883344588481
0.43044441841603975,-0.074353767541339946,-0.37642799114829173,-0.13686614052411969,0.27756095274220738,0.34173036279753305,0.34465432573294358,0.053407786464726777,-0.46309201121003607,0.32692108766567912,0.1094002710761045
0.17328295687101453,0.30828690219810517,0.014587892875900904,-0.27365935804546399,0.10780430078944048,-0.43657966675713478,0.55492821190617558,0.076539125586858631,0.025479903467033018,0.42714249200288956,-0.31733718212988332
0.51393914165750687,-0.32236133967926234,-0.20745827715268858,-0.25773372223709057,0.28665271652520552,-0.38524499194023104,-0.24501394520247807,-0.095639730590361557,0.22920793104792425,0.39700917069364566,0.11211282097813109
0.15164427013837836,-0.039280637543121916,0.48636653085211595,0.21507010443733521,0.051737120955626111,0.3305324246191329,-0.4212772258224125,0.49929487104020304,0.019901920808699874,-0.37422918713893527,-0.11623958482802318
-0.20302306832705544,-0.53247254931182486,0.29958490805728877,-0.3172114194085397,-0.18291174965814899,0.14013531498534668,-0.57103499546194414,0.010509760142718882,0.1133251186614274,0.19333833542664913,0.2353127408001055
-0.24034667599089074,-0.66264662129144647,0.10366122640711729,0.49716053533211219,-0.25703031342454552,0.16551699574917467,0.053564964973954701,0.029585193911348038,0.08527964287781517,-0.015740442464014567,-0.37482443462040188
-0.07722427541963138,-0.19466322340490602,0.25560090313387979,-0.028911615260228219,0.58431347643120823,-0.35024943631227073,0.16538192229573606,-0.37164987755327322,-0.43313052795944523,-0.082301589949537374,-0.25695838868828802
-0.52552606918500111,0.011559416331059648,0.53634999708628317,-0.029231373739986178,-0.36859713436538505,-0.20760744194746703,-0.13254505778872117,-0.012739937901409428,-0.36782105919929897,-0.28539841498895213,-0.14738777178203014
-0.16521623025256985,-0.31569086153293602,-0.032548698228052411,-0.30626990079497085,0.1030858420071389,0.25240115406275587,0.16073096964570999,-0.50117847169165142,0.098454918357614149,0.56102249655479786,-0.31999258779239942
0.69502344582136411,0.0091456772146415784,0.099446846330901478,0.48153884093228544,-0.15928386679504075,-0.064475629053246372,0.14208850537003725,0.3663156758952042,0.08503830664838942,0.28369477713557772,-0.058910278185032687
0.12395985317356228,0.30610328964719213,0.36813911768664798,-0.050695769120832103,-0.40638364595464871,-0.46887649536213399,-0.26800455032515791,-0.052404218512210415,-0.0155197054239242,0.46427264287889453,0.27835738717153669
0.070178569768771223,-0.0090827104064967693,-0.58079512812112155,0.16626737240674172,-0.39006597484769928,-0.21624142733938795,-0.10731705079209093,-0.077440978320704956,-0.22423979734399269,0.53683906263095238,-0.27407866154739802
-0.45711775874739358,0.36158124263533087,-0.17848688625286821,-0.1382956231813724,-0.45746768725266151,0.27174243498937872,-0.31494644948628053,-0.42662981010129408,0.12060176320774947,0.14158157344499472,0.10200042972148043
0.26855843085727199,0.27080341613285491,-0.2804239877373873,-0.18633625877599469,-0.0093872951511781346,0.16722083890603476,-0.70629667714506339,0.26091678303451354,-0.28433591540171715,0.1416317713510738,0.21282175466755543
-0.061849360160820967,0.74961075217828843,-0.091026589005573741,0.38464176742550749,0.10167451594241844,0.16728275317651434,0.0937223721445649,0.070827455428049052,-0.17223506373977668,0.42892313137867677,0.11073228848804283
0.31299488335604847,-0.054266185849718568,-0.03747648607578688,0.097796031366064101,-0.38835426246610771,-0.14049201858311769,0.47054429301299544,-0.099900931347387811,-0.52573475069081177,-0.29799484906854773,-0.34781274691861336
-0.28895365021313812,0.26477697695716823,-0.0955932095567254,-0.10014493840263618,0.611414720186093,0.094776104592955532,0.55776124221901791,0.21805316601465011,0.0083776022594197752,-0.22894730656582876,0.18245426852987195
0.07643642831460673,0.26687307828853268,0.22724189975925238,-0.19913458569305029,-0.18462214046994591,-0.034796286963220999,0.24012068020158422,0.69361987886208543,-0.44917986263627152,0.0098985946684235424,0.23605008655021867
-0.15420306044483695,-0.37351672590544122,0.11452240510702114,-0.15579076298719546,0.5927395280070229,0.059243889551732085,-0.13434867295571801,0.028894383281884248,0.56065704879988298,-0.20365354415706136,-0.26414957557520463
-0.073918996097008541,-0.11704932862516207,-0.25623883569886013,-0.54641119977173547,0.39470390398786642,0.17793108712627212,-0.17113632038770746,-0.44723834280260655,-0.10530015818634295,-0.22156414886674822,0.37372808582328054
-0.348021730131784,-0.023084565045567908,0.67487612387891516,0.15731865725824462,0.06308292694270487,0.070124569482704541,0.32654424394124326,0.25260606318062129,0.2524646456143454,0.38550634073583062,0.080309540859725442
-0.22798474544124586,0.052821546466737632,-0.51493513195487084,0.38523629143224658,0.14651834981002196,0.19208187907491611,0.29626701961340174,-0.57601310163099839,-0.1826945921106094,-0.12563858830242217,-0.067653274856734807
-0.086473229318174347,-0.46628853716046326,0.33472882713656821,-0.42019571884436702,0.07182362813057537,0.45118302350984313,0.33784128959545007,0.11644773383749973,-0.26168752585443372,-0.26742358176215464,-0.10036060815699295
-0.15692572160566517,-0.49391649663461595,-0.5853617506162484,-0.31851932736366911,0.11967423291657889,-0.28874806252702689,0.35672180718966295,0.069784732379958567,-0.043627116372173272,-0.1210313694785477,-0.20235669335585785
