-0.075503183363662546,-0.44919349548772702,-0.088744809621727733,0.059216187127889668,0.022417496034918192,0.40274388415110163,0.07746105253760871,-0.56597192912669703,-0.090830306795673901,-0.052886836579475661,-0.12450543909231036,0.51381341942509073,0.039492516134508146
-0.10314260639271856,0.27538847338841116,-0.58148950216249207,0.44007628234224017,-0.07529531113404761,0.25728649261014891,-0.14401931944826052,-0.16179007485822361,-0.37533050492163039,0.23015547738572509,0.064534976499099408,0.0064999767511246835,0.25473663973938043
-0.1735469499755761,-0.49097553699567092,-0.22644200629433764,-0.27896031710043406,-0.11494551528209958,0.18831836397066518,0.22724260413195857,0.044640347585556323,0.67922794315457502,-0.10068578480852998,-0.038581984491311588,-0.15299693581216842,-0.032195343104470128
-0.38717185077475108,0.0046626054599139145,0.11872919342821174,0.092991524916167675,-0.040633882125147971,0.66098569237931881,0.34005209617469184,0.23799982687952922,-0.047406259572113495,0.4017725714883375,-0.20807801452182711,-0.025114936160693088,-0.094360249007430605
-0.75096426686878881,-0.093269035640256223,-0.158993587939116,0.15906356459180157,-0.29869835035317932,-0.24341876187158132,0.20930315257541005,-0.12294798884144816,-0.19192753278667229,-0.26632681480091386,-0.0018892037393340943,-0.02757644728189626,-0.24666937965331195
-0.10733655179423798,-0.25343195110171951,0.44282990435169844,-0.1226639017652305,-0.038370372242996602,-0.46515255397354449,-0.031224348574235884,0.38680566512604508,0.22867974180529277,-0.32630387205408001,0.42273948192326277,0.011575862797748861,0.084037348647775983
0.046877700375405063,-0.12554268384421507,-0.23419740467761349,0.14378757226906136,-0.34094882698717133,-0.017971260572755023,0.29209949889584497,0.20059613437234816,0.024521393864020493,-0.39650468421651752,-0.040232946040111475,0.28322152901511038,0.65171914382325147
0.13518906977846787,0.023054315728581534,-0.30865184763730474,-0.14645729596516327,0.037262395362524986,0.14375629689247704,0.77662991892785738,-0.32904042871600703,-0.19488623616783193,-0.021161372928533106,0.028999537000157085,-0.29237715348147508,0.079037306782538022
0.32414540801054448,-0.37359277666458668,-0.062373921735404542,0.20363343426171593,-0.14189552629331437,-0.2683833603773324,0.075657501652011114,-0.098016063673143111,-0.61605804848408552,-0.078495504682054087,0.45090189186929902,0.11213273948553885,-0.030505811102226714
0.19781490608432545,-0.25817207633428718,0.09658606923826786,-0.050997939005904651,0.053632258028223696,-0.50054903742298207,0.020293982355853925,-0.65942840428104355,0.21416883606841791,-0.3101459342725304,-0.088139252539718382,-0.18837714172930639,-0.091049948196114269
-0.038678412384521951,-0.25129595974780694,0.2186470185112224,0.021508534875339373,0.19852122523145385,-0.18765960467835882,0.48339118730008063,-0.1291403450421168,0.17862543474397191,0.38237374854756084,0.27825352838871259,0.243346890556077,-0.49734761260232385
0.044054017262843768,0.35669341162013307,-0.018595439934203969,0.3300352612182007,0.32051212637877269,-0.19734193745748735,0.047902468824160743,0.026551341759246366,-0.22531467397817528,-0.59492229140108266,0.16959619346940186,-0.37734161830549606,0.20258258827345496
0.042793715266167841,-0.53139333866085114,-0.31291582883909191,0.28384463941391225,0.22362573563883334,0.066541022191929852,-0.043161164164768194,-0.093595674100889023,-0.16076891970032817,0.22980985443229793,-0.26967429459383352,-0.41007165247616018,-0.39077398666837254
-0.16168510295286789,-0.22028940953308684,-0.23215328743499589,-0.20141366985105741,-0.16124695469093464,0.15353194573822199,-0.027336008078180471,0.46875600361028813,-0.30522954849204331,-0.012221808703290487,0.26167357500431404,-0.5788974721936927,0.25279637694182355
-0.25735685856259743,0.14749920613083217,0.09553780686677954,0.17362480830788432,0.2272831436101489,-0.1898948007908362,-0.46734316691842698,0.02441945589529123,-0.17117215698037749,0.30035628954809457,0.52750740446235889,-0.26514568946624573,-0.31294515543601692
-0.32454601446897408,-0.27656378660298347,0.52396711030367005,0.18845088187544348,-0.02426401945945442,0.016680358063581192,-0.41628384039718586,-0.092388148685462593,0.36164881266407994,0.11278801014431819,-0.32521680406209003,0.078885075591573595,-0.26444750398632372
-0.33892163213516396,-0.26476806024877497,0.34498792076525375,-0.34520455638645969,0.55683326980695513,0.24200872381642868,0.07917227356423856,-0.16809667477280357,-0.13811792164138936,-0.23808414173933579,0.096023762767518631,-0.27661218658722525,-0.11043284371043968
0.035568044665600117,-0.046550297108089958,-0.57050354533734604,0.15565037121636055,0.10141467588065119,-0.62493642724974507,0.17018378749702834,0.14252400323956324,0.23729583061422183,0.19971056119576427,0.23806470387963349,-0.16636756706383524,0.12733410005794404
-0.053754849690004332,-0.035109373502209058,0.15731497666710711,0.62931616440405169,-0.09805934763528644,-0.25223536156854792,-0.06296720694376165,0.60092399328859292,-0.24567156884108676,0.16511553403320783,-0.20597113577873813,-0.034205833888208061,0.074607479897949303
-0.53462456619747722,0.39554929895142299,-0.076285676075420986,0.11377894631523405,0.028229842916160319,0.060517299013795857,-0.25090116967458215,0.32303165394097544,0.46940728536771392,-0.017652889986320738,0.036372566553065019,-0.094056899936663954,0.36927979948934109
-0.11385376132682389,0.19568402461330733,0.30406007228819865,-0.017222601217752449,-0.0094191201318241952,-0.24230722919472072,0.28288502599279447,0.14454335172519958,0.25759288329190827,0.14451347379522439,-0.17171182796930609,-0.72730549731513205,-0.22490271333825573
-0.15672430849693386,0.057065895789021423,-0.29597457447806524,-0.31190378382720862,-0.015606335741859056,0.044369300204947455,-0.11227646107885551,-0.37590840302066897,0.099020805724680014,-0.26126392870156634,0.69324559420104337,0.052281673437063074,0.26416650848918644
-0.23215065995661063,0.27788386778647989,0.52823109150542769,-0.24185105350363589,-0.21062735973569535,0.093895632764259246,0.40350724269535454,-0.32783290330061859,0.32753149619664845,-0.1381832172165616,-0.026542972467823764,0.19657957458622791,0.20536378946466424
-0.015809994715088056,0.2374660661212436,0.44175726896061446,0.3209539030107097,0.12794389118519373,-0.027881709014317323,0.13310347439865852,-0.46606892498701502,-0.51246536665840636,0.19231242202423679,-0.25763528257036922,-0.060495142077723746,-0.15321485409928873
0.024757254585373655,-0.19915551583779473,0.22774792744465949,-0.2334530718394299,-0.52424772517436069,0.30374393598777377,-0.046864425033453734,-0.39892225691522176,-0.087379327880207178,0.17569937534296709,0.24127288287143692,-0.33064881086301579,-0.34478507607400855
-0.26720999920385258,-0.39653526388666749,-0.15210273602653887,0.05214013257779837,0.30280729240316079,-0.30086633444299526,-0.53798773050984938,-0.047256076784502138,-0.21146517171442031,-0.12859635678854511,-0.10044710576947817,0.05793428029331698,0.44376511677221181
0.056730841016806643,0.41849178617370286,0.013443138215612211,0.26527224799848054,-0.41647297578009235,0.093000273079397899,0.36274406248736824,0.2722716670523006,0.064814408598049322,0.032447962120020553,0.58772156419207644,-0.039858440744231165,-0.10499112838507933
-0.18420210565284217,-0.28131143652466617,-0.29231085320759881,0.34731507834382741,0.40887495450614419,0.27259632158233876,0.046275296515465053,0.39195629669709331,0.043452203869980298,-0.21305159946993876,0.40305333254226422,0.25411527788853516,-0.096414705658354943
0.22549549075119099,-0.2963251142436153,0.37909597435315551,0.33654972757684387,-0.13814868234735384,0.24470235922419237,0.40103772369234569,0.087092020644482931,0.017449689650471178,-0.4937054802524074,-0.13710746325668799,-0.074065915457812811,-0.29774039913094208
-0.026277052534156228,0.30326795881144625,0.15365125539676541,-0.029902697766742058,-0.52254063788322946,-0.48046238294594346,-0.22151896453797068,-0.16694070642911452,-0.19010296698629528,0.11690320480149298,0.084221125880073883,-0.23603943833959357,0.43518869404565308
-0.41485243544159778,0.042815643369319249,-0.16378071168678368,-0.29455614166655952,0.15114705825030264,-0.08426570426808376,-0.040691645161743124,-0.50852059804600058,0.14931288684569449,0.58533211746818614,-0.15910980380491638,-0.13942616243214628,0.11233020192717143
-0.048794055233961339,0.24224593181981194,0.093493689624181614,0.51882605042825813,0.047581271313710025,-0.36139800710162151,-0.14790765994442845,-0.2437404133425714,0.15857878537575715,-0.083926585965051079,0.22560088341798562,0.59697331174243851,0.085977611445312838
0.14956468744480869,0.011258589374521802,-0.12967265809906517,0.38719814229663241,-0.54383489390409911,-0.081572068860136057,0.28117380496690864,-0.25333190262856387,0.30488049813739587,0.32971077895478412,-0.39224102982902231,0.063120108696850641,-0.074977353493559495
-0.060010135797207098,-0.56949061389639644,0.33626454109894688,-0.26741181667867842,-0.19770195620985351,-0.21678318911549077,0.3095036103632261,0.027075767796492886,-0.24168020980518645,0.21876016911333138,-0.38264793001047409,-0.052554385267023412,0.22235775054995408
-0.24604720285220741,0.068506819395048615,0.43184394752647365,0.16176200936049373,-0.21508035925764721,0.41707036588624025,-0.34542745551956588,0.082491587028517319,-0.38394659373075596,-0.2958589558642945,0.24920975454272148,0.18444340661270556,0.21143988832903998
-0.34337757895851673,0.20656710396704914,0.10894791048417858,-0.099144269792974929,0.31033317540471073,-0.18433839386806078,0.33581860213497516,0.18260712767772425,-0.39845067019666647,0.24750236638539516,0.29855402141959259,0.23277711397899023,0.42187174605753958
-0.12934680889321853,0.31598114302203917,-0.12094927843265674,0.30940540258889321,0.21070033211295289,0.37721984407182246,0.050842468167428413,-0.44850434519798238,0.40844278630137437,-0.12713353189756099,0.08643066294896086,-0.16093769262304478,-0.40776794775354896
-0.21411419927575776,-0.054353955036555969,-0.012432664778207736,0.27544665774958765,0.53724610107731641,-0.14330728103146384,0.40721050356399147,-0.022506320486243597,0.25414190437668832,-0.084072738127152505,-0.53749014993313549,0.11715673297314388,0.15937487887026
-0.15067853230575903,-0.0022135111265701394,-0.0033317558448573386,0.020485051034779728,-0.1855228493283117,0.34809625963459367,-0.12304510876964959,-0.29228823235941132,-0.011862858247695918,-0.29074711133179187,-0.57447079545040147,-0.45683896844600314,0.31193741539857339
0.11883186478550714,0.36126954820336854,-0.43737675806385573,-0.23506052724973364,0.11978104235934688,0.20504950486931259,0.25458896399276321,0.063937110815465645,0.33727586727371833,0.22388034701681633,-0.0010058910793581592,0.56449326828182889,0.031369523856905786
0.61927151705220429,-0.48014731113231912,-0.0093473795763216218,0.1019845893084307,0.14628677396821543,-0.1627727409862077,-0.14057661604704028,0.20822301436368287,0.29288220767926354,0.071389551130930026,-0.17189019254081556,0.37846120251772986,0.028357503312994897
0.50168207745085913,0.13476279856179557,-0.024406917718918265,-0.13110582508827495,-0.0251530643117421,-0.0053170146751160188,0.069622881632775524,0.17605115334698573,-0.24724002519162261,0.76628179694924603,0.037335362856605804,-0.16129863857648488,-0.011863483215510303
0.13289842077162187,-0.1846105816802871,-0.24760750829493677,0.41655665037009926,-0.42399885878169474,-0.02352766749555759,-0.51106227015752481,0.042408462589867239,0.25179990708028122,-0.34365076105378328,0.18872043700275232,-0.21470127443008935,-0.083097757670310038
0.30334711406989096,0.11624667929308655,0.022735386788331292,-0.56242280013209367,0.31988345208012275,-0.15129847320519701,0.031138595976445256,0.082967015915517944,0.2289594412525387,-0.06325439960121057,-0.12464001898758093,-0.23093440839258822,0.56504138352804312
0.14114283440890996,-0.10033702243489991,-0.14937935281031031,-0.23074961604206973,0.22092723790166591,0.62616415438743855,-0.61491176433491834,0.026908155218290306,0.16165140157935065,0.20531135450411139,0.042145385616289867,-0.054033341042222099,0.041724370087351109
0.24446503280047868,0.40171946361982902,0.55118495369773235,0.097996173788435267,0.49027322101679255,0.19669188166390927,-0.020185029097051038,0.34466593019398661,0.17469276965792926,0.048478944225289415,0.063171116049425061,0.13977903182087989,-0.10390433671622561
0.26635291659123539,0.33632582385133242,0.07125519770293709,-0.13554147966853938,-0.11833144986517401,-0.57782614427705359,0.42626335255038095,0.1732675095660999,-0.18214849635938701,-0.20070297388080222,-0.23686265381001506,0.25319316234756295,-0.19802614677756045
0.07478621419866055,-0.29375273989243866,0.28630891041434209,0.43438686052388914,0.12033684496956394,0.15796096676045787,0.10021612956465212,-0.19970585020531822,0.22386166610016864,0.25489797534088615,0.30857593611088668,-0.29830965492942418,0.49879706167132254
0.73475956260503328,0.33596314714079978,0.059275098169207674,0.04604060545931201,-0.19058928113200393,0.27458180551878802,-0.07525790004858815,-0.36818695866289924,-0.036731238675866765,-0.20810187345044373,0.051374524537411988,0.11043098238427287,0.17084825719363184
0.15049658177867065,0.0097217263214085334,0.37981984153755144,-0.55176391746450049,0.090925355890868712,-0.2044171632960641,-0.36329624971651131,-0.24037269995927135,-0.22018412697410569,0.14770159995252374,0.10523689393190835,0.44775799191974813,-0.082908996851228378
0.10414863693052612,0.1197421221233088,-0.10085954189564333,0.19613170442150138,-0.21728766404317368,0.19963648331589459,-0.21978700776089186,0.11720864886873995,-0.24945653603262613,0.067862780224641636,-0.070077249206011896,0.43009422969766853,-0.72134316021801459
0.24448587758882637,0.43854937531835064,-0.18816829197584928,0.14693264962412933,0.21041911067693495,-0.30099825227024535,-0.50210908599409609,-0.056259623437914935,0.12025472617155089,0.10281491223188843,-0.49315967901082525,-0.12837694074634423,-0.12661180316430645
-0.094186326450557495,0.10122600285471213,-0.053717237388373876,-0.2351852706223117,0.12774885234858963,0.053655024785481238,-0.25827129341731925,0.024124511437219911,0.22674293041138141,-0.76167341632602537,-0.23205263105032337,0.36045845988175723,-0.14443829347448311
0.16303071819985759,-0.16573066220340921,-0.62930910880520508,-0.46428726949898674,-0.38767743297993418,-0.14835387155355978,-0.16846338268754119,-0.14449026540969226,-0.19518986443811578,-0.043870563601999119,-0.25788838424317606,0.059380789484431359,-0.05239743997392312
0.49257740894193974,-0.0047347196385666042,-0.19467989461017218,-0.32906747223947069,0.19579368035623074,-0.02134112690656061,0.015555541439797543,0.17238042671061438,0.092281530426191291,-0.2489104812207209,0.34385820006705009,-0.27813113565914066,-0.52568443170333901
-0.2117757660520081,0.71613611254859977,-0.068776775531086895,-0.46827568501929212,-0.043690985931477896,0.21111075109663938,-0.048071795737281389,-0.00804734957952794,-0.31337930245949935,-0.066781170507745777,-0.022827075652876533,-0.17930138121243816,-0.18465928000312562
0.28588850963446333,-0.049495196371750524,-0.1044763829859864,-0.097417048875069023,0.3343728116590296,0.31318169788848332,0.054552762798928005,0.28492267393509579,-0.61702906404656988,-0.1809270042467539,-0.39368260419439205,0.13895160090960995,0.11668211292581854
0.2231792499009026,0.12232165468443265,0.25434105182186045,-0.29584480315235578,-0.56974259704553987,0.18829235838155989,-0.16086741080893366,0.5198369574252264,0.21117323709247734,-0.027421000771747802,-0.28539221874955273,-0.0040278182238724083,0.0058738868202080959
