-0.105034536411999,-0.061725840119281644,0.23318227072678516,0.023005241656702358,-0.16499563967774489,-0.048414374374291032,0.6901149342806292,0.13588477222571774,-0.019375351862630268,-0.37161621472555523,-0.051369536884510514,0.27193717265362977,-0.36205615498270033,0.24457374724283218
-0.34844544714760795,0.085162145267561412,-0.10193663972555994,0.064537459328552232,0.42222576119168997,-0.12802746284290981,-0.56109277374612399,-0.022437293971469818,-0.29858752124887478,-0.20849571492280622,0.21809423211103746,-0.30863650951606175,-0.18577508260119835,0.19189559204178891
-0.32359791465279397,-0.231858062088694,0.22583780324540814,0.17284625959825567,0.20786854981423325,0.17647593991731403,-0.1775939496015955,-0.025454145048283656,0.12925294692392403,-0.52262339259269774,0.18878337003935686,0.47993304267367914,0.26790209158992884,0.16284691686643496
0.18838975766001353,0.30845454989533538,0.20729098332224311,-0.21140609385694725,0.30948977591991966,0.38690724106062657,0.072712969155052293,-0.1901069020474952,-0.34976930138760082,-0.069028158494512243,0.25820717565806711,-0.23894061643297346,0.2635353105124037,-0.4177034622907706
0.21132649137299139,-0.44467447176064318,-0.15642805901041834,0.068711985823100064,-0.37264290844923942,-0.22428371343231937,0.16175679167196871,-0.17498812070668823,-0.35788165134716865,0.29384349536114857,-0.3672005029631718,0.16988978952453768,-0.31603508219779108,-0.066801429026560999
0.18517322245514925,-0.037146513792044727,-0.40593939918327482,0.18658888157930406,-0.2462898444903924,-0.57204689546222209,-0.33220771294313067,0.048424643480526254,0.26906008511189861,0.1864169876999994,0.19827393260506046,-0.27545137951278115,-0.20318266567139517,0.022621356261771999
0.14076154952017628,0.070610894557111517,0.25604260224318354,0.20780686177685465,-0.12458713255118636,-0.20976761017912385,0.063918880290367977,-0.47351467350219717,-0.17949503419466906,0.11253222701519749,0.16448109833159799,-0.21481976402742875,-0.23511014264140906,0.63661000409111168
0.21734384085776648,-0.35057540387572461,0.40868675105702806,0.057174596519807497,-0.060647011847589624,-0.18848249700550496,-0.34676975452167635,-0.52114123014897551,0.15777895852228391,0.19680683509081739,0.22437534541285908,0.10864120589975082,0.028846646195473825,-0.31924461403455506
0.16744473208999905,0.080337076491689238,0.068596530721602489,-0.092943861720208992,-0.56411243121761812,0.040468551149206805,-0.2134705195723193,-0.013226130659331346,0.29114534634870209,0.12252868051027549,0.11597929534570676,0.56849492816750713,-0.23630749187745759,0.30708506503237015
-0.098207366239088351,0.28055336035424294,0.80894157164624703,-0.20169721094274237,0.019868353898551468,0.090624194821141202,-0.39046142533735084,0.090495575317972421,-0.049941407288458209,0.043962886126620977,-0.095786829376381055,0.0072200325941152886,0.014862515782022905,0.18287920746211944
0.98201158072899652,0.089399700667126158,0.034850271271596685,0.044943710141481304,-0.088046578136466838,0.020238246696328087,-0.0022528628391020032,-0.036327169732954363,0.018835865001078998,-0.080953896234664965,-0.038977176134732477,-0.058307303279606593,-0.055713536039654447,-0.0029431350610770249
0.24442307582066031,-0.036704515560005771,0.04983786539432658,-0.42319035908117858,-0.033876056710116467,0.27784093337712129,-0.10921352437607552,0.26343636555839456,0.15933501588492818,0.59185842103531394,-0.39512497738839963,-0.026909262557777834,0.0021091868324001643,-0.25520662009448458
0.17388014034152879,0.23800540591342761,0.1131128536716787,0.091554746529007969,0.0047350842418387969,0.13510724636658175,-0.11939070424584924,0.33007863879165661,-0.32376188923933563,-0.17278559345938416,-0.34237875770907533,0.57767154967262146,-0.21888177070570777,-0.34197428612815922
-0.24939467172160198,-0.31595856293015717,-0.25007620965847671,0.35427833695038213,0.23882794583880285,0.076054871333721977,-0.12501804047562989,-0.01221855088404881,-0.42738790319838971,0.23728762498518621,0.18164978782425401,0.23601725222662984,0.19626325883499143,-0.45291655595274921
0.16740889981995766,0.053619718040226153,-0.16392631608472996,-0.49610358417138467,-0.2890790791676775,-0.11521742012415737,0.50465507977403334,-0.34127648817525541,0.18451365654726767,0.035325330687441689,0.26437836388685487,-0.31617572817710887,-0.12324917110014202,-0.088169648591652369
-0.34134774010275187,-0.11664487004627226,-0.40006161943041857,0.10198785028858251,-0.11751636408813115,0.53766880925424876,0.21135736440040412,-0.046115256674278196,0.1768200858165799,0.082955613419183921,-0.39727891549152466,0.39044039490304661,-0.016920307526453199,0.031952542843517819
-0.38413155914048025,-0.56435762504936327,-0.092466588986070228,0.33046412757651272,-0.20600244057363759,0.12110315600775375,0.048811132253396484,-0.24005368576611538,0.11874753138135388,-0.18683381351583248,0.2228671126918412,-0.27949586548374467,-0.3490774551282253,-0.020613576237389367
0.21109896941425188,-0.18195256246873276,-0.38217991801905843,0.52229132373895815,0.012876518306947563,0.12438128520334155,-0.068897374033757453,0.31144704218087005,-0.23394699053279386,-0.13748510342689368,0.11835614111888484,0.20808629740534493,-0.20331467677442322,0.46240660389400695
0.10840693956235106,-0.092847407936661533,0.40936210713427434,0.69790174064627619,-0.33095926706370699,0.12262498788163702,0.0068896173746252854,-0.029449632041859065,0.17359129848301477,-0.05899738045072353,-0.38935944959861069,0.055452398784097676,0.088023445656712718,0.058812769526481047
-0.36887665373958783,-0.0046150213933374082,0.35873456625270134,-0.02991488699178586,-0.47129982361023054,0.29283417370711806,0.21841469036708117,0.2814452133818946,0.011513489920496113,0.089330316587309166,0.1762384057846029,0.11223738474198895,0.15274037722954001,-0.47374283037372183
0.2520996481742907,0.31930772866098878,-0.54392500066044303,-0.039561985408752234,0.068028163566522137,0.077924484181160297,0.029895560714839092,-0.28092407095737881,-0.16573011765721052,0.57282385298143845,0.13671080613680317,0.2033776972713684,0.044607118897672,0.17006141404344557
-0.35858224643507008,-0.29640027115939505,-0.037194954122957979,-0.04517071343069258,-0.35841464129808337,-0.067944032629287568,-0.6741460796171509,0.11980688710230422,0.019791085324771654,-0.063858836789777176,-0.36224151126334037,0.080090659726323163,0.06005152145351552,-0.18035651007375161
-0.28324492863049228,-0.14576023208563538,0.20738235034206759,-0.32823203608366924,0.20638074712732185,0.29896839263487129,0.098969703394299002,-0.32939981767512738,-0.25071022631167428,0.30526153950670915,0.17844475470924484,0.26235762336552054,-0.49013093604514973,0.023782118903630044
-0.34048006181951612,-0.26557065627370802,0.19546078504059847,0.13795376659518507,0.12066653728989117,0.25291539971387311,0.10020539322214611,0.44545233287846592,-0.42191341002516158,0.11261908921742561,-0.39710278154381295,-0.28795305275449068,-0.17338266946780903,0.089167061766896719
-0.058808334407723054,-0.16621670493021934,0.058087932013867652,-0.24789089344393508,0.091918514500220483,-0.25234680021403399,-0.070432521481783084,0.16306894084050391,-0.14724028433998693,-0.049132264527116477,0.040648363210872583,-0.26645526054143809,-0.47236329483834971,-0.69320839948054735
-0.38962315631625211,0.23724804090633678,-0.49944255957571665,-0.075080789517283822,-0.4342307514840828,-0.12565294531013124,0.019406943138302324,0.025576944824355515,-0.36313190871309159,-0.19391932186747629,0.21295225870747889,0.18273116531364145,-0.26789820425551769,-0.10711242926073884
-0.34051296559541339,0.1808675936100177,-0.472956110324393,0.012333645856128101,0.10161468945559027,0.2831414219410795,0.080859409789702782,0.2566296738091246,0.16862332075738451,0.26088338768715408,0.19601404086979921,-0.52675441263824541,0.022002466041314051,-0.22745724637549364
0.12940871106385862,0.14131366118435149,0.062150860294877742,0.27668259021159536,-0.34910658603020017,0.37909553744705921,-0.42835146402047158,-0.017299018679368207,-0.31512532496964607,0.30893526795853637,0.15388028190312533,-0.21952547951812895,-0.37276062788722641,-0.16711896528886461
-0.28320335814282055,-0.29296745943430885,-0.38286987427899299,-0.24045843732261496,0.36648367811320198,-0.25722141239350604,-0.064462137625472107,-0.47477118698622039,0.18329292983780868,0.21221589973476793,-0.29379088912637458,-0.14861064529260273,0.009394220299082082,-0.11136331716865734
-0.29433341735181429,-0.17541331400741142,-0.31125177708705398,-0.1113526944814146,0.19890265319129483,0.16314820906864189,0.4254357144033396,-0.1829517385667121,-0.39225020769346503,-0.15062420247552671,0.1893627308837415,-0.14235612584337903,0.31921380408755673,0.39762493526893822
-0.37279895650515943,0.038313622807771321,-0.27291364379802263,0.4631427404555159,0.22980253130228856,-0.36047569963398401,0.097553090761141575,0.2873276019618034,0.18995312833719291,-0.34518846950376619,-0.30002234476065681,0.017755025603299012,-0.077985915823004251,-0.2099917563679097
-0.40299606917220071,0.25773262628136562,-0.043526692212662435,-0.14958629392011411,-0.25580353470851741,0.32454931111018381,-0.29741772697255642,-0.59100355519479653,0.16167448167306045,0.010580451520500564,0.19704684128571787,-0.098124542654379698,0.22359621324613624,0.11698497744498963
-0.44119990604829573,0.28436276198099192,0.13890932165904571,0.0083063550252254204,-0.3200693086825781,-0.15070112238739777,0.093006613442186067,-0.096813385601148216,0.26753500552161041,0.30859953326005091,-0.35374363315351032,-0.18748994024388291,-0.48436086662854805,-0.015371368865598816
-0.29486607025263756,-0.037480126645919591,0.080951038672509371,-0.31630735563923273,-0.22039225478417859,-0.32208361681779391,-0.11495789379254651,-0.0098615840312259433,-0.42593935258032395,0.54089198499185387,0.15587758247707001,-0.31091177788380231,0.21051126133771639,0.012459512425804444
-0.30118314987183942,0.49197139056139272,-0.039952944582099137,-0.21709082521075418,0.22786877329320934,-0.34878489855011152,-0.28657147424138091,0.064937304098731524,0.2671435892883709,0.21212805945861724,0.20964710706550013,0.30967797942115333,0.062513630445603707,-0.31382913341706126
-0.074202649432746112,-0.1481643702720436,0.028933486176454377,-0.071909397526176588,-0.10884015267240682,0.03865343061394183,-0.015758869301528321,0.042094331812337758,0.94446642669741476,-0.096087547940060136,-0.033426216971712074,-0.066221364819842504,0.15628271527181853,-0.14140763982079643
-0.39186824293921668,0.58570207134284147,0.13662538884221895,0.48958947470026332,0.17221657336908328,0.24317185177021999,0.1971627431579378,0.01265809715088395,-0.20487598900686957,0.096819392905603568,0.14588701304170998,0.15455545941497389,-0.02333022916090827,0.14191781044470539
-0.39363169734153303,0.18954229141981371,-0.038000951740063273,-0.57013794613668611,0.11265110558222545,0.21062026958563879,0.024816168204878621,0.15478622988310894,0.079370002185705724,-0.54401629384068095,-0.27784224955234921,-0.13903061214147699,-0.021034368850170255,-0.042179038697421414
0.01737758340453565,-0.14041361603713651,-0.1014192684194065,-0.58624356948786271,-0.14840285815663973,-0.012488983986413531,0.02836511485527575,-0.23623173964555361,-0.19713333635970698,-0.037135479644751439,-0.041580757134273824,0.53225741220256584,0.42257437637498874,-0.20829938967051298
-0.40437562443624336,0.10681293240550546,0.066682266152000125,0.13869489760524645,-0.39875892201314395,-0.116472070505696,-0.036620571617168966,0.39502295110069247,0.14073814113374897,-0.21164545938899318,0.13827135207440705,-0.29328320846041428,0.21040491015405524,0.50737035299767574
-0.30783509688781069,-0.10036679813682223,0.48445281687921221,0.0041142093167364589,0.44575337586602359,-0.21925580251192436,0.4030976269019772,-0.032150582219827036,0.20528034518547461,0.11521289153451518,0.22723542149901327,-0.37752906253672264,0.023465125383730741,-0.0057699415047827059
-0.30973156828135023,0.13772109977644767,-0.08050799839963417,-0.11935886404488627,0.11529616037773251,-0.3610284490224937,-0.070916790679482047,0.068532281881893795,-0.24318861140469411,0.10174106223722507,-0.41575172763366808,0.40867691901157055,0.009954948805559298,0.54913859722413894
-0.311771138239477,0.12345064817116611,0.099225097785310065,0.060287774852935169,0.1931885472664277,0.07111935926384419,-0.0073573693191411257,0.081013794656645016,0.065468710448391046,0.13245266708056103,-0.37365355869863714,-0.083319888097582867,0.80763352247726905,-0.066485801194371211
-0.0087097382688389631,-0.008923265984087313,0.0089147517123737158,0.03160390639416303,-0.030722853645090257,0.039570556321488516,-0.019268111237836723,0.060444462078686395,-0.0097784403998560313,0.098678594757196092,0.9854715422526602,0.047072795793024758,0.021338365015109238,0.092592131634503139
-0.4083474259885157,0.0053605873116466304,0.33302343166803411,0.093801624142417023,-0.034906684721445265,-0.2258152992466726,0.082630040893690151,-0.48095572663005931,-0.45213500550029478,-0.31006361875013272,-0.27114314838385151,-0.025337622147622144,0.049683521889532137,-0.21440281523790938
0.17269584567179069,-0.34866638940332861,0.2142305967207051,-0.25718772494659609,-0.3117438461265486,0.09047605736459563,-0.16897258448559085,0.13115505273830425,-0.50592898349209836,-0.50304605667532121,0.21605799103437134,-0.12374142848412197,-0.04583403869254523,0.11104443904665465
-0.3220938837720923,-0.065545057507549992,-0.097037904077134057,0.29219737382135608,-0.27985245683231047,-0.41448110850624281,0.3797293358813576,-0.30270219719065367,0.20476464426357502,0.23545802287447509,0.16855856637210084,0.29624809001595009,0.3077825260806239,0.054357107981751376
0.15631021648960688,-0.037152270533968135,0.17648952328333598,-0.065483077842017914,0.025839393791735631,0.76248845175107516,0.13765645512527713,0.076429723520980153,0.22971459302336797,-0.097415213363277867,0.15399626703465452,-0.2592744020908177,-0.14046938105996684,0.39871655747440288
0.18727838985583964,0.47101814374754403,0.0076112382819711897,-0.21692451910528782,0.0367784658858792,-0.16969808250970994,0.11692562422228393,0.58129499677170671,-0.17699729674723513,0.20285640290286266,0.15398468683095873,-0.12558542516731114,-0.39524755678013473,0.21458468770238631
0.29623254229097989,-0.23359673294302799,0.41031282104823102,0.10085927451924473,0.11918064103544555,-0.035843571816314333,0.30326981270087117,0.21895592257935509,-0.31972944995477431,0.35308874264131535,0.10107083361899458,0.32072090378588075,0.35253861005810716,0.24390021780004872
0.18398338954618126,-0.35309103020307858,0.16591211321945537,-0.086177433425403974,0.22600629587988463,-0.13404402379751554,-0.26043305007838341,0.067081040313626758,0.28878695168559237,-0.15841934452925249,-0.3308889232938948,-0.023583993345555651,-0.59525306611611961,0.30378789076317075
0.21879425787815851,-0.23690832617664787,0.032785013044742309,0.046671288391965632,0.23330480421743971,0.40139316421057264,-0.38923265601837576,-0.39383897187179467,-0.35494853515986297,0.022093936471365604,-0.37872583094011164,0.07112050022270755,0.17334977275123958,0.25607327529069507
0.22681712684485825,-0.091879490068067629,0.18558289051445762,0.28413155858200739,0.14417300439012293,0.021687103790390374,-0.3672435677002302,0.7021751801619871,0.12173267221423038,-0.0064754352683077587,0.16606663468795596,-0.1637001003413518,0.21539739480911585,-0.24522179486557569
0.11615685403050788,0.21347119693061725,-0.33878444440037014,0.13539394477981176,0.23952792417561244,0.22221640152262689,0.25621477863144898,-0.29570127784268485,-0.2307497459188097,-0.2123136953827586,-0.27654752368530922,-0.28674889699108597,-0.53835140129268,-0.033822399012863408
0.18988130837377995,0.44354333406531238,-0.3438551622273201,-0.022918921329636261,-0.032873310395462998,0.045418741363134417,0.39458054798759629,0.2955290875954415,0.20066223163589042,-0.3183480775678989,0.20788396546055696,0.20970467114345878,0.41565616276832318,-0.02655777445668291
0.12607851430299219,-0.11684172126945097,-0.36184316013828982,0.019771894331101693,-0.31745952635691715,-0.18556221412770368,-0.0061693649064634279,-0.36959011671952818,0.15363443329609353,-0.58662119387662048,-0.29803018034676709,0.041023084505506568,0.11756186887136688,0.30859095799934916
0.15204893335304223,0.035832980524689285,-0.020120717667699638,0.46192593950400368,-0.22512216788662462,-0.22794429630299276,0.44434078935834187,0.15559835083207241,-0.39566344477943949,-0.061227935818125474,0.22240627763309673,-0.42589693250951088,0.071120106281836987,-0.20327145721439249
0.24614798436460802,-0.046619667073926077,-0.18230198597656061,0.01818716198996416,0.38086875427076688,-0.57804118953518502,0.13468136407721812,-0.257743534841537,-0.22864947468151517,-0.24457512353314362,0.26451755779535463,0.3468715990887386,-0.18853078392505632,-0.044482476037224924
0.23831133224419804,-0.017099452704166348,-0.56631173969472048,-0.19158566171804453,0.11337849792565777,-0.18256329042366268,-0.15128717069804012,0.31455709024839107,-0.43129146011036434,-0.096722330585248276,-0.32551384171732595,-0.21910230607970285,0.24080692510851398,-0.1008100483407329
0.23261043738306264,-0.59224499952493981,0.059783690637953815,0.035394898747293201,0.23821027245706436,0.11517841192375769,0.3786355059207786,-0.017510624958737613,0.016615504613512987,-0.35068109703384465,-0.26519848542169383,-0.078603998168370451,0.24241551242321038,-0.34366011545568975
0.046090991458825607,0.033829408163431447,-0.16532581753045006,-0.08371950330137333,0.87373131536069137,0.23428169760819278,0.081677573064136449,0.27894821155963473,0.058066347744446412,0.069719319746356034,-0.073619327764339645,0.19940149582294395,-0.003861852850206664,0.078637105578960503
0.17968690978613455,0.070437426548553089,0.31551744232598256,-0.23417701414757333,-0.18613882455941974,-0.72745403481242499,0.15317794237699439,0.21742629257116844,0.11345460818641394,-0.16016115171021544,-0.24570307717898465,-0.038120093854861696,0.24979868683522158,-0.10507270458682408
-0.22078575888466495,-0.54743268606337459,-0.31716983818954336,-0.35496093527599643,-0.031273846338527402,-0.16761577922804907,0.13479395872976033,0.52298868061143255,0.12614538001004025,0.14249761511477327,0.14878365650365732,0.16294285969311395,-0.086657223224832686,0.1086407073307642
0.04971632297868217,0.41946200077015861,0.24617016241753756,0.2129772459789715,-0.17826608381950532,-0.040726609690616762,-0.12012392141182569,-0.10947548472020038,0.21830515496805622,-0.62315949237563428,0.28599219659119146,-0.1417353274559531,-0.27965956904951267,-0.19923343494015644
0.11018948662835108,-0.057906533537377174,0.17142698719595978,-0.04136092238697487,-0.11139732531291874,0.0037534348668286002,-0.21074282162307131,-0.17266271601823577,0.079615890720403093,-0.12120208400143548,-0.28860226448498838,-0.86666260111606874,0.099545466375194361,-0.037755840679005281
0.20395059967544782,0.23574436710018332,0.18921125368841032,0.35018405155516225,0.40218721324589113,-0.37635169355618514,-0.15797793030538074,-0.05327959941730092,-0.21851147662991183,0.4323047669293954,-0.34991056924108294,-0.1597674653343929,-0.073443014672397527,-0.15879698072966589
0.2085970044029388,-0.063438781133904179,-0.24359274925687788,0.14648437099185699,0.072180855013546444,-0.13051164323044481,0.49377344145032592,0.16323893832183259,0.28408702431099353,0.27066004686879913,-0.39266281075511761,-0.29733632241944208,0.083322574034008959,0.41888812799487346
0.19239812619663041,0.032508224558372469,-0.21805863714738588,0.56563685676600273,0.39314130548711906,0.054576100259998622,-0.025026784301486041,-0.38393123912692267,0.26751418734184346,-0.10540764636062884,0.22739719026618588,-0.23896362914910413,0.30966484914890752,0.038514295524381993
0.10981247142108694,0.41173670935855256,0.054808788070378783,-0.16363563732811326,-0.50810408573714161,0.27803957260273404,0.2574274581730091,-0.04172708730587895,-0.3833371657696914,0.024157726051563456,-0.38296303878210852,-0.10289774614083839,0.18269859644099218,0.21677009839275382
0.2594331219451867,-0.017570581844834052,-0.066487846848165888,-0.5267040055078771,0.20431320264637995,-0.15602984644476156,-0.27441644431328699,-0.024577085255619299,0.22940213270604717,0.024318480553209204,0.1723280673654641,-0.15349575042152963,0.34376698552965523,0.53282266785716303
0.16084248987845162,0.36022107676945619,0.24775216410197676,-0.060119075861267107,0.24458303930991768,0.024916166606462967,0.23796037205911266,-0.55095481013086078,0.34030216650380257,0.00084023661807796832,-0.31878759864581158,0.36913759655354278,0.002378185038705195,0.071112493412358119
-0.27893814778495185,-0.22437510669553079,0.0741029954515567,0.29137800518115059,0.16422555539637396,0.127211726275793,-0.33802566945179935,0.049989756267331507,0.29241038738849184,0.62462937234402105,0.073916460851736088,0.022486104484394868,0.015356579267864653,0.37372845760792317
0.17481143757652751,0.32245332639253249,0.028226785163914872,0.29612735321947786,-0.24449481495582184,-0.27683884157241945,-0.44247876128488922,-0.087175766310993982,-0.3523484055440102,-0.10697938493795851,0.16808344268329603,0.21451442367719209,0.46987944266559067,0.080764879131543107
0.20508871471827916,-0.022365385846990521,-0.053534318980959353,0.42508810483544918,0.11503782896210825,0.063002427864840976,0.28759340401053191,0.047185015612732924,0.35112592055658065,0.31937660990983829,0.18675023428907386,0.26386412948083598,-0.48371986397876937,-0.32856889993774863
0.2312782822013002,-0.41436339475852912,-0.29101926522181376,0.10219987173070429,-0.4835418823816377,0.28407201705948065,-0.061318048396920261,0.022168784713681132,0.039916280014101461,0.2094478351404096,0.13384473699189781,-0.16535669714637574,0.51715641556777581,0.052398202795625411
0.12938200985842707,0.27810903051805419,-0.30000306052755593,0.17125391911474525,-0.30795463738592449,-0.020276578549514739,-0.016012823379241242,-0.30705994798082537,0.1183009348813245,0.044362384695075155,-0.27730335698875036,-0.039596042287792281,0.16869871800823175,-0.68841056997272498
0.2130322727379792,-0.15903145446126551,-0.49014410365754602,-0.15678282031094903,0.1151865912713787,0.32546514977361884,-0.44068814210578638,-0.15702195493265655,0.19426464847592723,-0.25643503393462125,0.24330094919418294,0.19909871457088854,-0.23843887085859078,-0.259345868068663
0.12072419331479313,0.55688807462512591,-0.2424861358375473,0.16085038071319543,0.045107550347230158,0.20635995416058614,-0.46317803621711184,0.15296698216611199,0.31624324088375677,-0.044454149291177844,-0.38045244675394552,-0.070951961806993785,-0.014410924238431936,0.23686531856052245
