0.76958904865030342,-0.12485669683105595,-0.16592935477400766,-0.022733863161147217,-0.018981710733252218,-0.08699130348911982,-0.2565039095674434,-0.30111019285636287,-0.042679461937456295,0.32733886027903669,0.082862665087001686,-0.13128748650418223,-0.064967720341836455,-0.038183334199088433,0.04497829498323834,0.24275093416711022
0.18947626297342873,-0.00075376936352549557,-0.14939079839729841,0.18203164615206241,-0.46028451194100284,0.037639734381296239,-0.29293965011249956,-0.25290973254880106,0.34980761114390291,-0.32553290535327872,0.29236838039625274,0.061127804069046089,0.13112797393695033,-0.179753321755143,-0.38314995403483076,-0.17812043318009513
-0.073024927093100142,-0.073686312026877185,0.090091224477939408,0.21065960344735146,-0.18364971456001206,0.23276962946282984,0.1688693885373829,-0.35218347068084682,-0.031730807602711408,0.22848692087618613,-0.25736072914439539,-0.11274396571737252,-0.64494428538466475,-0.27301185897930219,-0.1135302582876489,0.24647152961714555
0.2368710559919697,-0.0064568431084661409,-0.05568943456239079,-0.014780708128452797,0.43377277550840176,-0.28626810680706732,0.16222825271255173,-0.24543356497697555,0.35816492493773483,-0.086622385621531961,-0.12561990847591759,0.15067934380739059,-0.27996529324087244,0.051700445151145309,-0.57310564622338556,-0.0096425426876933264
-0.40972288430668891,-0.030916531230470449,0.24482256124847454,0.25513892889448736,0.11206735772753042,0.13463477451451,-0.23394934887874883,-0.47710302294656581,-0.12419272307500859,0.042567718702544034,0.14144101493819183,0.091098061511919681,0.1185300596790257,0.30782846395145924,-0.44051986505690832,0.21139160031080634
0.10684836012880727,0.72418729206643406,-0.21687165838096731,-0.076697796360939707,-0.17385695449419442,0.063412852774768894,0.087868462811430625,-0.33631496219707946,-0.16304414393112468,0.12379580165090177,-0.26096833010092774,-0.021855054869056759,0.16304706450487003,-0.080599295163786583,-0.32962226133749917,0.062625408460281709
-0.098782664108447826,-0.19478624989749291,0.38146600638784578,0.072998791448231778,-0.10341418522367028,0.13335723543153474,0.53850564610665252,-0.062471873257597184,-0.16790496804431715,-0.21405646590631083,0.23495491741137961,0.30626285829621325,-0.076249645433839469,-0.19090912401523374,-0.33345502521341575,-0.32034340382891219
0.075488279959028168,0.22522902108217305,0.060935756089972599,0.60568282405893714,0.033176115345533358,0.1125313127878662,-0.088146615469662168,0.0030746401942523044,-0.067652879280804559,0.10350859217386149,-0.041503781382264009,-0.44871703806040353,0.44615916444579506,0.047849213116627452,0.23871109982873076,0.2734489101511417
0.032913286197337605,0.3631924064486079,0.12654155774207537,0.20753887760927281,0.53858725552458642,-0.059071216432438706,-0.165229171841932,-0.063239468989006495,-0.30109021421635079,0.42249324903908303,0.093831428578380949,-0.15506837877441793,-0.34155156482803189,0.029920168035613155,0.010974201021175512,-0.25174941350420782
0.18131200546588888,-0.15666735511244953,-0.0080285586166855202,0.20057473345916368,0.19635326324393959,0.12733814008702152,-0.035142115193775685,0.14956943689261692,-0.073458125660201198,-0.022259516176750638,0.86556323866586271,-0.011977705511616549,0.10357493527071986,0.23871474104779056,0.027139547082671724,-0.015073379501787937
0.18902698990147387,0.4242817441136113,-0.045454290199092556,-0.067389702872250254,-0.33931765001196962,-0.11703796090774879,-0.46159016080247101,0.28782554965904472,-0.15535921871001704,-0.22797244374559245,0.18113860542789806,0.22084350216114235,0.081096439974229204,0.17530218503652176,0.26272672510343437,0.29812609606235485
0.16969392579118037,-0.18968433970397577,0.093273754782964388,-0.29593868769856529,-0.051934108976627938,0.14313606390473704,0.21189375873142932,-0.32393203122242514,-0.0094413436042786961,0.030714141071616619,0.1385527090695394,-0.026346885433212258,0.80091009048701312,0.0084319307414534288,-0.049353912641532799,0.032260256038866994
-0.020369206263839056,-0.47864365284690208,0.1603755861814343,-0.36099808240453818,0.15301767574916075,0.0018631387244585512,0.0067955656627259799,0.059950210624535455,-0.27252468136666363,0.5791078482468992,-0.18963028842763702,0.13870385605605282,-0.043764195083177651,0.033892663609668673,-0.34530494651140303,-0.015930653043019417
0.18596030708568442,0.11054796966738217,-0.26369053139347431,-0.12323578853745296,0.38227734222112558,0.049519683057095955,0.0032926507912893008,0.067736011071180602,-0.15729397763863623,0.077035089008588423,-0.16156834001541112,0.0082729993090764394,0.21512948450693542,0.76330408564219721,-0.042480798630615914,0.16650516109049557
0.041665260569288251,0.33366804779194592,0.1590122216449979,-0.1538018547785015,-0.078899758223362287,-0.3949667443302245,0.32113339199483032,0.28865076026037556,-0.076208562541979705,0.20521432516422292,-0.2603536039809084,0.45955051765339622,-0.36734720490670453,-0.12982190224317749,0.10296900938204964,0.0053170635221956829
0.17613309238775723,-0.21762438721142779,-0.10525331610357243,-0.40226029382924383,-0.15076115785999553,0.19185696723408049,-0.04172246955760342,-0.19729507675843425,-0.35413462637891457,-0.49648221452283869,-0.11460683102451703,0.11501787339902553,-0.14945841318775205,0.073082874303569079,-0.32317014702786884,0.34370538745254314
-0.64706045138306412,-0.35261090955026159,-0.10613138233501666,0.32106291893730526,0.04400506943106855,0.046985750490119479,0.24579254932613923,0.048284093055726895,-0.21162932267873635,0.29530713559338356,0.12555507353931217,-0.12684530497206395,-0.035292262171691929,0.039704801521626178,0.29290658046716095,-0.1525786692470763
0.12297368690307803,-0.30030897835586712,-0.4312310382293093,-0.17432131507462489,0.43263852053822444,0.14936198255785529,0.089667136007161918,0.21264097512589289,-0.028215396913046829,0.00067205983828426961,0.054199350631516791,0.15490933939086632,-0.54395244432263912,-0.050434922600951733,0.28659217144807503,0.085488833147200641
0.12887027776997345,-0.10415893138363309,0.4298707069584361,-0.32385588191546028,0.39023451476464799,0.25650417072957937,-0.10057538243119914,-0.0047263303680763029,-0.08991973341601818,-0.069444340378165687,-0.14620826694750613,-0.39376952898986545,-0.0019477580266775154,-0.37968498068240569,0.22319544954140905,0.26708938304833996
-0.22366530349764538,-0.35906386381375077,0.33200913326058656,-0.048099267499391633,-0.21898945157294691,-0.11630083154922524,-0.53299750944950586,0.28290609550930113,-0.0042556022153073022,-0.016045047190067687,0.087899017239282146,-0.33202500543080476,0.32842994680222465,0.11903939223237167,-0.020799665175406677,-0.20539540952414134
-0.036665512390727198,0.16097426725929026,0.32458458369221382,0.12830014405543719,-0.45019756419457457,0.10731912359598117,-0.090126011463363812,-0.06316641514962229,-0.025248942168123616,0.63220975285953562,0.34219036541489523,0.19310169540873948,0.13051368600888166,-0.21724209845767667,0.066143691870267321,-0.03614941643924232
0.13435134067846824,0.099519323958750835,0.43555702543319791,0.35517219117650944,0.10078610911409845,-0.38057212895169007,-0.048194312418085007,-0.3534962461738233,0.080133740278434368,-0.26135011912288786,0.27138535023407606,0.15195864282450808,-0.17044208005616757,-0.25207124752149551,0.26217371707274778,0.20278295722713205
-0.18687056193480039,0.055804535636300792,0.012734040044030857,0.28314291093412775,-0.098900315990436971,0.21170401665779606,-0.37367653394428541,-0.10994861340153675,-0.57496354801356864,-0.23890094566966499,-0.097374777648548114,0.093050697061769508,0.026064592484133505,-0.48322730732893782,0.064324191832581465,-0.17660082728644119
-0.20084725520800084,-0.0014771894238089645,-0.392856054687795,-0.48393863158576755,-0.27092546919438737,-0.48147370519538263,0.079198242266080923,0.22234353721403374,0.14659243997225932,0.00575019014965751,0.06879460826017518,0.016989652339005699,0.20124537235379661,0.14515072613837599,-0.34683981102861394,0.042298086321601272
0.021678855580908214,-0.16769120755703981,-0.18018503189514951,0.19019876502777208,0.29338377581345448,0.014428462358653603,0.50149046856423896,-0.002655041414826051,-0.26869299489788501,-0.10254196102345844,-0.58942704306780136,0.084858909372615102,0.22442555724487259,-0.22774340931116982,-0.023565717236774392,0.15767125075233746
-0.18852372206430246,0.34175886067534711,-0.04374772316916644,0.053075883383306849,-0.14370107443183142,-0.30097802312252103,-0.028657439855744062,-0.35427160155348492,0.12657713842820462,0.0013254601698748565,0.22925070191503799,-0.10424801455772748,0.22957375563939975,0.44055346648332233,0.29016437582378679,-0.44150594126963527
-0.3018408629492505,0.10953298831654486,-0.03419530414124948,-0.46069803786898605,0.12292443633900031,0.093661993842568389,0.37136273430266498,-0.074054409459192547,-0.093115018028594648,-0.11299701690525077,-0.34168968528423233,-0.31008486758374487,-0.30597674114294721,0.19939646807827224,-0.047270944572707425,-0.38242232743991916
0.21315583805077212,0.18261469598511998,0.068807904368763606,-0.040246499530962709,-0.093009221437116235,0.24997451096670689,0.40573700542829771,-0.23438883790672638,-0.55022745584651644,0.021261661917692059,0.13088807094172125,0.04093095927626552,-0.084273134824775275,0.1396267922067764,0.51891573380875278,0.079265715451695973
-0.24189973059648689,0.047399573143244861,0.16666935848697467,-0.18161795353513577,0.062201142379594287,-0.038526612967520697,-0.32814161636796002,0.29893721466332868,0.027662612455735178,-0.036355196463696469,0.3809978888839276,0.11486863030979255,-0.41526951495124381,-0.37161709024637768,-0.4021911570841511,0.20816702747157428
-0.51418235347294838,0.20666586231119546,0.17038933022445052,-0.10872341375855724,-0.49596597820705718,0.091927184806960327,0.19375787747640841,-0.10840953332944935,0.015807719141638955,-0.33965513189273056,0.14144587241387979,-0.29155157387477193,0.10177363642054441,-0.15553906560852743,0.085151643624630804,0.29308531055365145
0.27467538889864002,0.02598504018736195,0.069940638856638565,0.35477970538117809,-0.0040712082093291354,-0.52124459447729909,-0.0783304001553181,0.073148641303823744,-0.35610302989719816,0.091313532565286501,0.017202670716175039,0.26956953733111877,0.39399933814612326,0.075654215778489006,-0.32262866115999994,-0.19172769880719354
0.19424420230486833,0.37547328129901913,0.031729387389554907,-0.20822526611320094,0.24822967009621874,0.1075652932280193,-0.27507820517593512,0.21334042676880804,0.62965819002956602,0.24876018162391855,0.16425828301525949,-0.15259322070647066,0.25991477339169305,0.00015489402951982711,-0.075502593219081787,-0.026099378721620013
-0.0072901714619109928,-0.024056671180999176,0.53809690374529273,0.15085294972775054,0.24414007775677593,0.15427183649665768,0.36188175576775627,-0.17839678452871829,0.35349607177211051,0.31152612160246235,-0.25767945797715403,0.10760470944390321,0.055395945742789665,0.29677064900734113,0.21496114329474644,-0.05949746985025673
-0.20024266349170072,0.31479048965524054,0.096171832519644257,-0.17373945744146285,0.11726312860748858,0.18064562142646495,0.20456945157053497,0.60430010059620232,-0.42730687690576719,0.11237974283986772,0.11447987116905056,-0.074053944696582247,0.36718294412985814,-0.084474182747055593,-0.097863731424870357,-0.051167721383001866
-0.026242413435973087,-0.45246639915505227,0.049149195174299561,0.14380274462387194,-0.20798164769151858,0.48763884489849485,-0.27322760613037078,-0.19362364429322779,0.18321866993922253,-0.094545452520573503,0.057026889576584236,0.20043329886481093,0.051603984526554493,0.042829972209532045,0.44814336648126901,0.29501833793623145
0.012828791272106987,0.29236345755484666,0.3539343515446291,0.06153455579228792,0.19961278850689487,0.074486534557408543,-0.052059820817078897,0.028687863588656961,0.092516602941717652,-0.6957390729337628,-0.26964962480546761,-0.0015765635345425376,0.32493965873049346,0.15002082737500116,-0.14011373724909526,-0.15273114106019686
0.29027764226390818,0.093624911198377861,-0.21027522599506238,-0.11374277986006461,0.095108296436162337,-0.11002099859068802,-0.3793561327864769,0.46784483682289146,-0.12889954243629903,-0.066386009632770721,-0.52682332090865602,-0.21766095988747547,-0.15430900156498695,-0.12478660061218642,-0.25665580396792964,-0.12117605442676557
0.045503505397235161,-0.068720782526919683,-0.030597242749390678,-0.20454358695932562,-0.36222897888800337,0.12759881875694684,0.12141023434663961,0.43808616752626794,0.12313496287605075,0.40094073393181145,-0.17701022215332318,-0.36660645860875773,-0.14719203981399248,0.24415193161454427,0.3145390639349443,0.27280450409322188
0.3346130974684991,0.21794968103182813,-0.25601872622341193,0.56886030534059617,-0.032210673989212284,0.10031564500858163,-0.057655298244662881,-0.1013702573798828,0.087308497368017629,-0.13322974422848913,-0.32677381740247974,0.31648277112876444,-0.25125538995146673,0.20259174598109461,0.20347494634602217,-0.2208922968129608
0.0092108970491112351,0.032067049925391666,-0.065282838678934307,0.10772050595257367,0.098776707527125363,0.043535312313027701,-0.36264498992202349,-0.10946005805781302,0.24753913499582014,-0.35044185247830772,0.092410404039634089,-0.53248237300044843,-0.44772500434668266,0.35815077991889255,0.028150339451746016,0.14896937579065697
0.088013033549454806,-0.16148324389495547,-0.15965124249606283,-0.014454353093394386,-0.46486809625789605,-0.16708318069043487,-0.12752135756158944,0.078727193880073168,-0.37720079840582421,0.081427541499507233,0.21565694343147954,-0.0062923088461689161,-0.52757483999484678,0.2052555897998212,-0.064579800910610941,-0.39230931619738729
-0.53354415287792967,0.35896296057200655,-0.08344386781773451,0.055902598957103304,0.25683036912704366,0.25257231146213499,-0.23705746123097327,0.16445150207170262,0.13552220113242885,0.023188047960307333,-0.41815144964448175,0.13471044489821921,-0.12174013181372027,0.01456058991094487,0.18621590999141197,0.31903381601248049
0.25528495639438259,0.24385708211034707,0.58212430071624433,-0.32263517982822582,-0.12151686503444749,-0.22933069046677756,0.1166899732131688,-0.024460087256215613,-0.10936660074381481,0.048729658269936499,0.23528083529935914,-0.26212670965731694,-0.074103320691471242,0.34030631626088581,-0.28252240052885791,0.10632817052829366
0.34745868432336546,-0.0067671725787062896,0.25673905478452463,0.075940376401964216,-0.46150042333709912,-0.19477795049040542,0.22702770217190493,-0.11584575323809132,-0.0046036164837587037,-0.023562845162392123,-0.35201908954562111,-0.33036055104292977,0.095195579910289971,-0.27453050836318499,0.17148301813493969,-0.37972927224202296
-0.2919204493853193,0.28367571971576971,0.13217743876683674,0.44358725567092433,-0.23874638818641492,-0.090054556463938701,0.13478662349789727,0.32179780211089293,0.26999589574585164,0.11890935815334067,-0.12182756130496361,-0.19986338047620611,-0.14853227843344571,0.17059022124345924,-0.43900959649223786,-0.2179960008227535
0.4894812674058332,0.27722704024886907,-0.042591318945854363,0.15066045744382656,-0.059139531601369512,0.18954548902717705,0.39918980566977613,0.32656912418632572,0.13248051101465327,-0.3122603443130883,0.13499819681577505,-0.15565899022570784,-0.1772854545472165,-0.25477358352290047,-0.12070520627356253,0.29188095485717386
0.20771116089709535,-0.42227558388962877,0.11393982989316553,0.49787546489504042,0.24203000353905729,0.09730401426129176,-0.10231077850324782,0.22095121784342472,0.2682788074780928,0.21229877994449503,-0.0050251413092947438,0.0042750070432502245,-0.014162227278236962,-0.47612184282994668,-0.088974594176157287,-0.19607839527021631
-0.29561675909335933,-0.05424126252799337,-0.27280387235131959,-0.022725904803037218,0.28583915542210775,0.16954901966815858,-0.26841399091121471,0.17893132054583966,0.061253284203582233,-0.035456306242546774,0.063448411986095604,0.37929390825200632,0.062199451307905766,0.14378607123557291,-0.26434220938110792,-0.61065384863105154
0.048274171830404861,-0.16046913252784054,-0.54441658086655853,0.009024045968917831,-0.19967979091507998,0.20142159757344288,0.081827719321441131,0.23684856337370536,-0.12568643243075769,-0.46980029246666555,0.0088911182784159309,-0.27198234600391535,0.27006861372206942,0.1133126684827945,0.27603043899720087,-0.24429542687265643
-0.20189002685174973,0.10563524106905241,-0.11469999080854963,0.31447851149930384,-0.067901742086654795,-0.080293440138914901,0.28957006176266709,0.26867684965129174,0.39638973892878593,-0.124622283822862,0.16675401001151921,0.46784327894900357,0.44125902178360893,-0.10105840429638394,0.2032297736779333,0.058039632500433584
-0.20433913321777417,-0.009188577446437746,0.0094178370415355216,-0.07137146888164049,-0.070622873418388757,-0.55629860670539832,-0.18208022787429146,-0.24522114499619949,-0.45111423607099277,0.072952497001340488,-0.34951985964337656,-0.25231532396447748,-0.078740074473089103,0.1279464349300333,0.20090397950966946,0.29605773546386555
-0.042464502643906679,-0.044902732221394681,-0.19044145726569253,-0.42827387192543009,-0.27261277441769538,0.42633675099824747,0.10790125003813621,0.15035826235012392,0.21896233136981186,0.056283439407954973,-0.23316053793380268,0.21450641921718538,0.051231555856498356,-0.56664765841788067,-0.031166942679594242,-0.099941122283042721
-0.025614919701837883,-0.10394332148114453,-0.54993628280283213,0.3346014382668186,-0.21580441430881922,0.27205250440001949,-0.098868215474670201,0.26898360981105923,-0.19034480654997732,0.25539770550792679,0.043389700761928364,0.1930316613037171,0.032835252910363516,-0.0040074590159654387,-0.33505226367259233,0.34275815482722144
0.35543240600332515,0.24016421561003004,-0.10878774476338531,-0.45989776371595442,0.20490937118041899,-0.22725057675860461,0.00062360765852255992,-0.064912783467342638,-0.19173435015407664,-0.28699686583091061,0.31142726004642646,0.060193013891168948,0.025730775096058763,-0.33656565279690015,0.045878400004954377,-0.39877406658287506
0.10859623213653323,-0.06888510671834179,0.33358751270400983,0.042019981781329187,-0.25851183760502427,-0.15200927905030678,-0.14425064873247681,0.073294515441488156,0.2894302865789723,0.061557917901523353,-0.38896311958997387,0.13330743790538865,0.23316177922466863,-0.15683693947316787,-0.28575064141188677,0.58057019110085939
-0.13321581356315287,0.13431673078235176,-0.078498497440023407,-0.093075753460678631,0.30824849141960814,-0.15664129342605587,0.3726023081255681,-0.099579506657152025,0.045162303221462835,0.40967723296274478,0.28219284259115768,-0.038243854846887283,0.047738892832199814,-0.088952871538494696,-0.0067634633907822494,0.64797951052982139
0.0260372014040034,-0.22589921115274683,0.42864860435529967,0.37330179374820827,0.10651790907415347,0.078100492440822497,-0.042907047648472252,0.42669173730491655,-0.38185150096855769,-0.14093837664155159,-0.13132434649671634,0.085850411159597143,-0.29538148567534755,0.27601460390226418,0.01370839210568265,0.26444729999459821
-0.13971764010226176,0.16270956409406012,-0.21846515719667672,0.17525808351175656,0.40416065429012477,0.45163762470355717,0.22971498212275196,-0.46235623008980209,0.23763152170929205,-0.19557741108735016,0.19952541788552652,-0.11560305095803228,0.036213008753274149,-0.25009213695361149,0.094561010234080797,-0.14492949243203773
0.12855892619815293,-0.34590509605854514,-0.09492359796708183,0.34371474114855094,-0.34350011785419166,-0.24444615449042631,0.45562201097626587,-0.22172942739471133,0.088290277754589197,-0.12065303009242508,0.070864191832360909,-0.085863545518939752,0.0058030370218314625,0.43206494150061692,-0.061817891167012147,0.27728774852359295
-0.10089849025080733,0.2744046855423829,-0.11221694744254414,-0.20502773179991776,-0.22114052097319087,0.35826861856521641,0.20596364018524002,-0.084188076783910853,0.33318041165208939,0.02945928163938508,0.28748980687268488,0.36275426023131968,-0.34817970958541661,0.40347454891276485,-0.1117226078199693,0.1024866891885562
-0.093339604453991643,0.28429485700404133,-0.51121239835975196,0.19202227508416908,-0.16811647000368304,-0.32593042758758545,-0.1035220637009944,0.05994533078143232,0.17337672608374774,0.15340101836355205,0.11126742409105327,-0.23565121301878478,-0.21704589690254819,-0.46754624259444461,0.2754781038523858,-0.018695967874468436
-0.48039720599041147,0.13475311347343352,0.25534677805988187,-0.10190276228114464,0.23344831263556926,-0.35859123570503271,0.018072699398369134,-0.1782507825370335,0.13527121134786307,0.15790248184180428,-0.15926917651164119,-0.011582001840222799,0.29152059765673682,-0.47966729718081763,-0.14622038224309322,-0.23475633570452525
0.0016990682679901129,-0.18785205238193659,-0.18256442171370552,0.078692240704131985,0.073357183644373616,-0.11201367238832609,0.14151212721915701,-0.12012724351641491,-0.30291714075543363,0.0016901328096049174,0.19636148446594182,-0.64995414750081038,0.052128680505796464,-0.25409502679365803,-0.50111748448056792,-0.040516841052941704
-0.041827375379266944,-0.43139644196145055,0.11515150934527382,-0.35074678349775656,-0.087137432474612836,-0.13631146032899902,0.13580341989720898,-0.26251452777058781,0.4789707767890416,0.1733468478249032,0.37909470842345766,-0.23310878073005606,-0.22456166523655424,-0.1352234836655318,0.11974000268696605,-0.14754177456877227
-0.39923552342537882,-0.15372887895492524,0.30606504167745346,-0.47436810924206457,0.25558119549039787,-0.15162958489245665,0.017873656689696472,0.025986087682538871,-0.10666887183807043,-0.21756799145529573,0.21473969448031641,0.36994363286583665,0.075379187073633377,0.24754116839706458,0.30064860370603447,0.099678238015742937
-0.11377475340823481,-0.17281199669552214,-0.39098504381233301,-0.059938621815077822,-0.096160627635365648,-0.20602525039783687,0.083373858348569765,-0.58147030578392001,-0.11861940297611628,0.14670524735135079,0.05482633254484752,0.57902051107709751,-0.015806835573024768,-0.15619659500242786,0.063356071453262205,-0.038108976102474899
0.060269004866216828,-0.088841863612514366,0.075847936196889565,0.069215516843527572,0.40697076899280793,-0.56541434648175981,0.27746300074591429,0.40309172545701644,0.14581003838653589,-0.12146169695668807,0.027361247746064601,-0.36963488698467578,0.051970202079230851,0.10870814209168364,0.2335539928022442,-0.10337262160206243
-0.26032839108156314,0.074228733308903214,-0.3528910953761249,-0.48172181120617291,-0.0033457373706597144,0.30527830250012761,-0.3908750448108893,-0.20099402575270325,-0.2418934998961115,0.25634336743037878,0.29718599790597516,-0.22779358056180338,0.031601707401871071,0.036399693343452381,0.1223593823559028,0.044877793281483745
0.11614503946023687,-0.054058910300498621,-0.099880795886664542,-0.099022630247410995,0.1784531878332028,-0.080982422280723332,-0.23416259088379338,0.14711417191041998,-0.11252138610067361,0.35448619214185551,-0.26377653703500054,0.19186966245218959,0.35767451909508829,-0.090247680477331685,0.63623602370142063,-0.25167912690461464
-0.045612736823859239,-0.22060872044004998,-0.35349432651155061,0.037070240933936904,0.4460372739858805,-0.23402172149811762,-0.45003591378424679,-0.050406525165315817,0.057432826051682172,-0.29952796171187474,0.074060114791048098,0.027605071692010239,0.35421402570491151,-0.18507449609853613,-0.029293963197396258,0.3229388801930953
0.063563077192595588,0.11879643049659243,0.33887161073289174,-0.33345303536323334,-0.081343577740006251,0.017834691225439139,-0.56363860156389667,-0.37490296739511886,0.14894823660413511,0.03866999230082472,-0.28304722872457533,0.24189509880044982,-0.27083812574978078,0.041671634067350416,0.031398199430214629,-0.2286068800427298
-0.35700292358664554,-0.40444372506583753,-0.046254830698801673,0.09172678196878864,-0.17138503623636472,-0.29627377629341511,-0.053699927674317097,0.088023549434882303,0.22947512522183472,-0.48730419262959712,-0.34573791794428166,0.16018484249878845,-0.31170646756804649,-0.15331186582797635,0.041996111938100579,-0.11353783859929138
0.54595980130548927,-0.35430883088759269,0.14920535963023546,-0.23635672841106886,-0.13634674408584568,-0.019806860993707921,0.033040677788007414,0.35489586041233778,0.28436619331464336,-0.16277428594595464,-0.028809120539133565,0.35077137923395657,0.052625287093998108,0.27108766842199622,0.016423794099738924,-0.21091014439326816
0.30368342151966832,-0.011751950559617027,0.15929567793423019,0.05970531993581242,-0.10485596661006427,0.76506067650635023,-0.086083703042051166,0.0076372679276627302,-0.12081673604830789,0.095464367841388897,-0.055404260855474022,-0.24134227214041051,0.0030127601773751781,0.20181343471614047,-0.26284150022626335,-0.28296261515879978
-0.13734387017644636,-0.26079303489330602,-0.38472221477990276,0.085023211844229452,-0.060676367778101668,0.069059234759020247,-0.16783224869360464,-0.32131458253853018,0.3766109978772802,0.28073251453641723,-0.48839761830973588,-0.27707406661786754,0.19050523640235012,0.12899846207249213,-0.11003436837707894,-0.13050950184623905
-0.11387186546503517,0.19065174275750199,0.31479727416891118,0.038375643015622608,-0.057223215160549165,0.27012197155465423,-0.041846210829636896,0.36350893716107074,0.1828477272622476,-0.17870589037272486,0.19714075175300796,-0.023898839675330658,-0.30669681508923452,-0.11461059393524707,0.49722431555981556,-0.42514657124444077
