-0.88222529462117394,-0.053965103873248821,-0.050318987711252407,-0.040718926840240047,0.027962204569592065,-0.0020513306265873988,-0.070475506724649126,0.061706697603847227,-0.035542029983298841,-0.078810914789296138,-0.0078038662476441626,-0.013081391666793722,-0.035804442796803219,-0.013005401269136414,-0.41715626792901156,-0.14145524949004112,0.042769168330747974
0.027340746586909031,-0.72449850115056524,-0.050782405745406593,0.043593155813054063,-0.022420009915669517,-0.024547589745051168,0.025062719750372248,-0.033652322288302609,-0.046419732878268866,-0.10178967808240133,0.039444774824519274,-0.043743024324863815,0.05774199448091908,-0.069071527940832628,-0.49580268732807004,0.4438388119799665,0.010288218171274932
0.044005404155223631,0.094784352194572347,-0.89750731537433048,-0.088697146035079624,-0.039548736922842886,-0.0308114403398509,0.0059091444213188078,-0.011239593322852024,0.047500672654855067,0.037517032095125864,0.018328662940197766,0.0074385443844263216,0.0069900004640872605,0.0072514542351996185,-0.39469677355851174,-0.0073810352168016376,0.11411227963769868
0.050669252735337615,-0.046163594572026977,0.058407853339729005,-0.90032130540954391,0.061181783795170711,-0.0073812772197442509,-0.026795578761251639,0.071482323942548665,-0.030196246971260783,0.016156892910226314,-0.0065143880793402378,-0.048078107325599674,-0.029279227270225919,0.019352384119324682,-0.39767923850710823,-0.034232281648310568,-0.087218034347214521
-0.030557107414290421,0.066285125803983838,0.065752480849073883,-0.082162650608189711,-0.88148394143114028,0.011207949656803731,0.029076595972165057,-0.064538736425238996,-0.056497321983570485,0.060480826028404266,-0.014204826570923397,-0.017512203920526721,0.037021492811596918,0.017953399395978557,-0.412033881160283,-0.0044719549832053698,0.15034971281635945
-0.015657919330821102,0.031493431462353047,0.01662531073171291,-0.01749122564578745,-0.021017441904425078,-0.91821095373881778,0.061900779376845662,-0.035665156719893683,0.0073301144611959369,0.023285361883025251,-0.02597946717668426,0.019013773248689875,-0.033025651396672878,-0.057409885168572358,-0.37611950306823727,-0.039341806834383632,-0.022163240319444694
0.078920187676507325,0.021212708612602962,0.015081256057635601,0.014138309824426137,0.0023431443091692064,-0.076613372626012241,-0.88653629788253763,-0.044221725749391837,0.010839793605149743,0.011679841593315443,-0.028649982189109361,-0.074118988981849154,0.049029940419153289,-0.0013513241395085285,-0.41268856397872994,-0.027845622890347484,0.13804225686343352
-0.036068194336754594,0.027670767366014787,0.015720208143962463,-0.063638027172626219,0.08784969311962372,0.035823676823031753,0.054004902764722161,-0.88791690571424042,0.012534620232263705,0.014756187326282776,-0.011383403529776733,-0.040945066788058142,-0.025801583170478346,-0.027366383187775713,-0.42226018955719002,-0.10537993445549983,0.017845003038910269
0.051695331501374835,0.06276619378226736,-0.052296199648590509,0.017133526724637069,0.04908084381985435,-0.02883308858073801,-0.00090573859111085808,-0.0016205259167250061,-0.90570978273423575,-0.046106503912432741,0.01806615199509878,-0.044933226632707914,-0.0052101194768493196,-0.0330475630908472,-0.3899333166260312,-0.090713760476313673,0.030629384853888029
0.063623078367208333,0.14128759520145395,-0.014098018282813048,-0.057630196534427185,-0.048066583456919429,-0.047400800238526407,-0.0001806680902389541,-0.025154804035736097,0.037809504622231212,-0.90140745471493333,-0.0097961907700616305,0.044776762598037131,0.016520549257509204,0.029314846419921135,-0.37631000838267781,-0.017328687355691257,0.090400332372336384
0.017702917522395164,-0.034593893216267692,-0.038941864477646776,-0.00094376910921398173,0.0024925640053275158,0.0038442704673136798,0.027039004972929308,0.015976078532799011,-0.02505282464424622,-0.019805617384100256,-0.9141054142408882,-0.036352093819945253,0.031024518313697579,-0.034215978897316243,-0.39049368012406738,-0.058433877721550009,0.0014141375878666687
0.018213495340601245,0.064712219356690262,-0.012915689903277173,0.034074911822334582,0.0047415938842903351,-0.033613393277714822,0.075736211446010351,0.051505084984916669,0.048477631506084314,-0.053298254836655519,0.025789476543213834,-0.90402706603544958,-0.027738043513614401,-0.010699285476128528,-0.39431129845837204,-0.069673575309136593,0.016464910029243451
0.058564649870882633,-0.052220005584730819,-0.0083240492628135782,0.012963354821001043,-0.033875647750501788,0.0095342339557823903,-0.03118816977339417,0.025696820438449928,0.00021864778274505062,-0.027456751805368943,-0.036083373702490019,0.019229641923245343,-0.89981254356703488,-0.042714942116600291,-0.39777045569636804,-0.055050821590410866,0.1247782295102222
0.031312808730265346,0.46798505188637829,0.0062715047385181501,-0.050432672712685665,-0.021097613637726952,0.024614575209396441,-0.028051253843314854,0.056745785251099461,0.055023358899394463,0.010561380863748072,-0.010361820966283648,0.037762236726323034,-0.012359503321089304,-0.5896166089343956,-0.30783677963215256,-0.56858050309050234,-0.04299451688980583
-0.043351402729432074,0.17989809845063046,0.016539817888531188,0.032996105684598785,0.032408602157318063,-0.040463581270621621,-0.0031715544652699359,-0.020236381163750292,-0.03873298949857365,0.035138604342761538,-0.044351244015486527,-0.008357205759733196,-0.072676265082428679,0.79220581680407454,-0.46251767506920671,0.29814349548461533,-0.14433278091098956
-0.04103442774064555,0.10398412008242511,0.0060166618087058978,-0.031718227646198048,0.045575671270986252,-0.038016516518694768,0.047227523003690833,-0.0052066858627433472,-0.0040776026518005203,0.012965309424372596,0.020068716775659277,-0.023661624317235279,0.89807855276712301,0.023840351329868989,-0.41089691154107993,-0.020710550772466509,-0.056171936144881807
9.4556479150915987e-05,-0.012219074033186459,0.01176394475873283,-0.052072567976857505,0.0072654421150142919,0.0041712270514772483,-0.060527684125976221,-0.030472055222315129,-0.053375196601238774,0.036933864193353635,-0.041266745696505153,0.90032670232170531,0.025574926534544174,-0.013389595791192511,-0.41517393587098378,-0.008468321606815361,0.050594518349481102
-0.00032293663793194724,0.083461564225115845,0.038009545886872949,-0.0157552431427894,0.0089707936834401408,-0.031947013709840627,-0.01089665636272703,0.0043030031457688168,0.020624690396715939,0.0042942789258382606,0.8985961794043249,0.031774310158407287,-0.033009844023780668,0.012511677426661476,-0.41822157794343751,-0.01577143359111802,0.069065422627361886
-0.045948145869290254,-0.092503994890202376,0.014485576891439964,0.038392015736977189,0.059768374288803827,0.017454991347979971,0.01585888975853237,0.045999964100975337,-0.041614516692262744,0.88501194695935592,-0.0062352108151510132,-0.049171990246526492,-0.019153452284178234,-0.053226978982171484,-0.43215598938229266,-0.05880150286196785,-0.023505424432107749
-0.03399833294241808,-0.0091568961440112936,0.05298038549531555,-0.036711959022013622,-0.034913386768405684,-0.0012992591266692563,0.016952471687932222,0.022288944702163149,0.90087445177460013,0.031678977041211115,-0.034609190828643811,0.040510636604139047,0.0024208754530793243,0.013233267162986813,-0.41850664904020168,0.015481444221684147,0.040187632515852202
0.055078420632715973,0.024395692607260086,-0.016510439775285303,0.044508005129140792,-0.075616911990806876,-0.065422939926840021,-0.038155752913495822,0.90939751327046758,-0.016225168914929783,-0.031026153304558039,-0.0046159314744479915,0.037362836962231444,0.025112884744905719,0.00037607573413515313,-0.38597097551034354,0.02064154041724257,0.05464660378519396
-0.060544860236129136,0.030556998689982306,-0.016533134019106489,-0.032255232742108716,0.0098415347848727699,0.047394392573576451,0.90179896649962532,0.065287854861235853,-0.015697006551473221,-0.027811160604264553,0.012661380372320442,0.070333834407131687,-0.050400516882428567,-0.023458187887032012,-0.396818608708989,-0.05033913589780524,-0.070875453846744818
0.033305075529029594,0.018267014775629007,-0.015909883493441909,-0.0018999003355731165,0.033225681429843938,0.88899087808159349,-0.045525393830190566,0.056746579443418356,-0.013064873733920112,-0.040420391739904409,0.0093158285069672025,-0.023136738082935787,0.031362001957565118,0.033636500963943813,-0.43224724578109625,-0.035488654735198764,0.094658245030894858
0.048185865840807841,-0.013367671981519136,-0.065150303464664064,0.063385651716736546,0.89412850473929206,-0.039459029822968908,-0.013445736016647565,0.085213178129710687,0.050621495707283817,-0.076618696970960409,-0.0026811554022708019,0.013536687450589672,-0.039615932679202395,-0.038222059531747031,-0.39668196714681231,-0.069973913712731081,-0.082858810978412092
-0.033663868166713705,0.096505602451553193,-0.05755390869539833,0.88171115521328647,-0.048591184587965852,-0.020930208224237235,0.043495700759365097,-0.050747613165594584,0.026492268076128235,-0.030240281639398757,-0.0078850115135602975,0.043104923421407718,0.027445870377061161,-0.03925913045662173,-0.40980991099345243,-0.040416590959652027,0.16171358678205716
-0.026255116903828188,-0.043744165558521432,0.89727660080273475,0.068774268316488821,0.051525569557248317,0.003023798701009911,0.011345036300070614,0.03161033980706629,-0.051211070036347298,-0.051268555045807941,-0.03414780149923189,-0.012119757207013204,-0.0066255469013641365,-0.027144341249988001,-0.41232856514387317,-0.069076436132044602,-0.04048277767813338
-0.10692386381416251,0.45509034005932136,0.06992984787276886,-0.082436586730562422,0.098349982531460073,-0.0052305951042468718,0.032016812763449212,-0.013106047083251009,-0.02764423174421643,0.052542931519935623,-0.057859243554126707,-0.020937650504179627,-0.025194021621139949,-0.33696661665230954,-0.40648044478726053,0.62012197647592748,0.29598526091099181
0.90075858984354107,0.10851798358061811,0.049696937258801227,0.022060646844101448,-0.014872654643110489,-0.02723741917366352,0.086337844557500792,-0.040306421502015376,0.030920359802119823,0.063318464778614844,-0.0078032745856220914,0.0094686400324676557,0.034244756824109671,-0.011387089846499518,-0.39120476080247202,0.058982934442243694,0.030349382011664185
-0.23134557602372624,-0.25522120060556186,-0.23270087465544695,-0.33244187544043163,-0.25916786443438383,-0.26733937459913909,-0.24700991130327418,-0.31463808365208412,0.2356647539784168,-0.20484718030612326,-0.26152606487658653,0.21764915514570823,0.2902998350017017,0.29839346870870875,0.16459589439426869,-0.058679815037155574,0.03016050504010985
-0.20520748445396242,-0.25892797800514455,-0.22803208228805738,-0.28396863458723481,-0.27159811491483793,-0.21350046277595874,0.25479278518499165,0.29255964836371362,0.243184983999335,0.22247759859767594,-0.2229813587321629,-0.23119337063976778,-0.2096933947002069,-0.3131739803322508,0.19870298715449863,-0.25480683217110683,0.1734529902619443
-0.2238670398460087,-0.30225283202130393,-0.30019889846103659,-0.23356380508329488,0.23080548788573821,-0.19604691409868233,0.18613855656376654,-0.19986017632818504,-0.23594942480884384,0.18175825392709116,0.30248776590334747,0.23309257370291628,0.2070960995649356,-0.30604110775042198,0.12066453095529063,-0.19972984899754917,-0.34930937600049955
-0.18683560886884512,-0.26601489381953219,-0.26590383967170944,-0.27404169754851454,0.22217882191851679,0.23854050760060916,0.17655919856790503,0.31109207696909635,0.25635301153666612,-0.28178501164382885,0.2650767002369338,0.31211628576373018,-0.25196431325341745,0.29536569956774594,0.17277738407803286,-0.041332986818850163,0.13863314866551144
-0.16269066424416406,-0.24244438443303259,-0.33315756868496604,0.28730720825639056,-0.33187541296241624,0.21419269016504502,-0.28753236524220321,0.20947580313008568,-0.25627722343314518,-0.31651123659815883,-0.22022103996072834,-0.27146271149627216,-0.20331620615312296,0.29848876570835148,0.13059119319921378,0.046983898346594173,0.029950653201821918
-0.32940862344062477,-0.21330291828917977,-0.24547695257589727,0.20832839947989532,-0.21502596886984954,0.27186865100051905,0.29587801727399049,-0.25733721424357958,0.24255679300168145,0.25081248259343947,0.29013806848986418,-0.25670057456167039,0.24911819564716597,0.31624356413899457,0.1152162831565091,0.081002511892752815,0.12122353248498657
-0.20697759858409848,-0.24844329924003475,-0.29565154300925151,0.23180834485517124,0.19120639086701466,-0.27054636384004543,-0.23830948060780577,-0.27240049305492298,0.32818110269746348,-0.31008052726141316,0.27739431276692045,-0.23575574400857419,-0.23959283862040073,-0.27477745641181978,0.16760818937033595,0.0047035000043135992,0.12704113109431389
-0.23706342275899314,-0.23022703260146862,-0.26083678718838305,0.20272091218720889,0.26248976575881738,0.21041250135537951,-0.24266494009299056,0.23334641555203672,0.2196423512617201,0.21972121147535767,-0.23478995801567559,0.209731772145684,0.32195464847033445,-0.24524207444806975,0.1326994765202312,0.19835789672493923,0.37251354031631501
-0.19344786310916293,-0.20844382833256644,0.27722788956524708,-0.27983945154448853,-0.20702535067376968,-0.26813779330518406,-0.2596249749961117,0.19665970515857009,-0.28893956925394254,-0.24582078886854189,0.22056549771156483,0.21389247779965662,-0.18238975058336709,-0.24512154019385374,0.15987186709754597,0.18373515737201992,0.39005750308230691
-0.23942428579557809,-0.34437674518335387,0.23904115317944541,-0.23447625678993439,-0.16841904183888898,0.2803608779458161,-0.23987156772338919,-0.2340312974730219,-0.30364578810312515,0.19095047332162532,-0.2153736340641132,-0.37030015222302692,0.30070094841247436,-0.26053119001411473,0.14293709839186769,-0.041168639975025498,0.0095069900518148544
-0.23858615438001082,-0.34881172612674649,0.24200115129156893,-0.139624486851432,0.24216215171226654,-0.29471005640588815,-0.26640133316819048,0.28785704361810843,0.23611841652570043,0.19539687226362118,0.26984113353301192,-0.27780876081125849,0.21790923811136645,0.28504162798270094,0.11674658147856537,0.043277262756743144,-0.23634711425742705
-0.22631569246686123,-0.30549836560176652,0.20327331647562547,-0.20998375697053248,0.29834996964591098,-0.24585587344592513,0.27459765320445861,-0.20844745017054175,-0.26761170276695495,-0.33183486407043089,-0.24799833391452875,-0.27196413718698709,-0.29613375176580037,0.25602991379285472,0.17243746960053027,-0.013063318395484635,-0.037105230625182499
-0.29777495624976846,-0.27331260826558496,0.22095795300429924,0.26803568098876857,-0.23149803132546887,-0.25157553650565839,0.27385371348043402,0.22696473178818727,-0.33499183345996625,0.23118765270852012,-0.2511523993718997,0.25267611385280803,0.28529363410532721,0.22780730947336736,0.17273126186726817,-0.090169554760769488,0.093429355996205873
-0.24076249204064265,-0.31396738694467047,0.18527249150978484,0.2284565703518337,-0.31548887622615124,0.32629123847123775,0.18416927510341882,-0.24282261536037023,0.22221532194499513,-0.31153167084808542,-0.22890383532327016,0.27660439269486514,-0.2043491483127946,-0.28114808711844586,0.11890253880974938,-0.16765430365220046,-0.14025714334356346
-0.22234888888359639,-0.33971485251510353,0.19964501497386733,0.32443358048553078,0.29638498978377859,0.25756467956989171,-0.30152244791170052,-0.24871774379909081,-0.27864709474226501,0.18537519924087395,0.25718458676845884,0.21597213213993918,-0.24832028980089302,0.23741537709047034,0.13248748669120941,-0.13855248228471159,0.059201249302674903
-0.19611173207247926,-0.12205650789150999,0.1664020069851562,0.25981884906098585,0.23818328984208498,0.22071233661372214,0.23891233279827886,0.29830705725940126,-0.20853716534991354,-0.3525529389463028,0.29985926456188805,-0.20514185260989695,0.27620675245460707,-0.28902933029788047,0.18767039030363922,-0.27587613020591384,0.17029238410947656
-0.20754258058446062,0.27390547520601494,-0.19279589604436811,-0.2971457569577618,-0.18710769041220177,0.21832111034929097,-0.3045653257111548,0.25559531078426995,-0.26201507631994908,0.30536895018377341,0.23597348072413002,0.21385579413064607,0.24930993171272792,0.1822202196535338,0.18389570966001942,-0.31567158208099649,0.15338808109271437
-0.26108229587452197,0.26645208499625594,-0.24464029699867251,-0.33289961099138071,-0.23272466039917664,0.31110854316524328,0.20722263899616081,-0.22399298634541137,-0.23849267046994743,-0.25516362025022971,0.28021093780925954,-0.25028594617375904,-0.30777684229197178,-0.22877067645499599,0.18628294492048394,0.021338669626456617,-0.027151226523800955
-0.21059302862874901,0.25607130684511953,-0.29145218859260008,-0.26140448164368535,0.23757039975196612,-0.29418559121954602,-0.28146999876559675,0.27345840902689633,-0.2177197040578481,-0.27170529607112542,-0.244699633399384,-0.28067162394173756,0.2326017916942508,-0.24865320104440403,0.21605826258460661,0.053574265287184425,-0.12020054538765304
-0.20341723504864642,0.1139798498711324,-0.26360051207704205,-0.20587338115745737,0.2335566443912232,0.27628538263502866,-0.30897820701487377,-0.16351570641619523,0.27850787438439228,0.23911695164563015,-0.25172272614286056,-0.27190669603911161,-0.30385344223874572,0.19243104602821459,0.13576417127034021,-0.26635595444179638,-0.2998308597372335
-0.29123127535630061,0.18475787079670672,-0.26715439353857118,0.197499023478031,-0.25182082566180136,-0.20994007000768797,-0.28153886136320666,-0.31713426795513955,-0.27388660636531359,0.29592335105284512,-0.28342775443399076,0.22026026164876517,-0.25812251259254787,-0.30295057720682345,0.17940795919958488,0.023167763631633989,0.028001447242877744
-0.33417254878340263,0.30946087517690307,-0.23771364837899905,0.15671994542079171,-0.32814875894811307,-0.23888966226588945,0.21861775070621997,0.20536346490390253,0.26429820301862139,-0.20476982878826952,0.25362681494693201,0.34299245483974117,0.23878596686049938,-0.22500538269532377,0.18624618137219864,0.14014151011507264,-0.032372066596370756
-0.27721622994953266,0.31532942905688599,-0.23731552008065471,0.22386812914373613,0.28073176948909734,-0.25891065017035536,0.2538166797525962,0.27424705820388462,-0.21697035627800995,0.25318997388479036,0.21684307432618199,-0.19711410983537386,-0.30834571958769125,0.19221736494117264,0.17817070040018967,0.061713614719380097,0.25917051187415396
-0.28130794081269983,0.31129415726693593,-0.31246892930617204,0.20031498809632306,0.28387238677346999,0.270789431493066,0.21672694008837715,-0.24227623094574219,-0.23676430763011688,-0.24880114048489368,-0.25660492435647808,0.27795277746022978,0.21633989980008422,0.26505531225745932,0.18217034547279948,-0.10813040040984542,-0.060178147091587773
-0.34655734871058097,0.16304667214049381,0.33495757288247041,-0.29001282735648759,-0.19386045618506006,-0.18674453928282672,0.21708202120294004,-0.22910403604364563,0.20103969163924959,0.32568505408221488,0.20252560958147098,0.27669024747322168,-0.33949701701172963,0.24600740288908529,0.16538673684375454,-0.090683267020951475,-0.097597060832355698
-0.29331088210935946,0.31363759475667036,0.30363790813314445,-0.29380346746522262,-0.16146416761262569,0.23521208784397987,0.2549261256068035,0.28414780141005663,0.19669281860631282,-0.19452985831489214,-0.27298836087589839,-0.22722806871005569,0.21793421827099163,0.27694039332606984,0.17001015948972431,0.099859178067646631,0.21025992679019928
-0.27780617494306531,0.20319175490172151,0.28669122409499687,-0.28670206321852515,0.30350533298036797,0.27392904013107278,-0.33145760293960974,-0.22599102371934351,0.26086072626432949,-0.24754197951021742,0.23846543615943666,0.24444602341979388,0.23132194930254044,-0.21626142737597906,0.1631266122195372,0.052107071360536231,-0.11622803843523187
-0.26523144622155842,0.078994372166250951,0.22079817340893887,-0.20876842811811844,0.28819751840923591,0.31657613615508012,0.14596075895532418,0.35006834737291515,-0.30903512748146672,0.20161260976924877,-0.27276472869711982,0.24872147061832753,-0.29753326668836361,-0.2844477118078097,0.18033146685134205,0.02573780924103981,-0.17004025597153002
-0.25365848525290491,0.29977866283762228,0.22225050802580221,0.25620125838016589,-0.2567447261961287,-0.24762968331517657,-0.24581923636215824,-0.28578019964680912,-0.21452114528692318,-0.23747967345597223,0.24732792985777052,-0.23588170601965994,0.18858631617074453,0.19387339059859221,0.14306464806432839,-0.27596270715328569,-0.26910633287309776
-0.29619010875580026,0.17849459997950451,0.27774299371832012,0.2793573577985799,-0.27872461946870442,0.27915296230626341,-0.30345481739310393,0.26874732305162591,0.24860705825806545,0.24419221948804998,0.23894337478477831,-0.25195889277472783,-0.25734274657744899,-0.25328180643837911,0.16128934712002052,0.062362776508612328,0.054888906672641909
-0.20478273998618121,0.22386914344721395,0.2306946608460618,0.23947053264362314,0.20030545442203812,-0.270216747599208,-0.27832738826916065,0.24837549496116779,0.2582219626061259,-0.22804666929813489,-0.30726528936835568,0.2940133076209106,-0.24049753916538302,0.11998302628733963,0.21591284486440115,-0.32331404415578702,0.14886106619862055
-0.37713548929635871,0.17144508272443387,0.23112763860167382,0.26696147777275203,0.2871114146522486,-0.1961064116113633,0.29083892348285822,-0.20808480370971091,0.27043688128247223,0.22774078719035534,-0.26288891045836349,-0.24315013078071077,0.19278667774019267,-0.30285635059359034,0.17819270562369127,-0.0018237006024161547,-0.20256001495223774
0.30158006321196806,-0.21823187726435708,-0.20073868372955458,-0.25257905287538018,-0.21450455058242432,-0.27824618767014397,-0.18519509613464977,-0.29863013408134637,-0.24476756245785658,0.3050042549667345,0.27311060225421957,-0.31315187000155109,-0.2419525372885255,0.24838783449625496,0.17568577447469499,-0.058534607079059407,0.17406953840712011
0.32454285045935288,-0.17958429402506818,-0.23070919552512215,-0.22730971674988945,-0.34596082157923819,0.21889388140266461,-0.25859615039634959,0.21675811321907498,0.28820547048813822,-0.24420724703465141,0.30367450198850576,-0.23798933465137453,0.30088965263419154,-0.21627895524259497,0.12668025189317414,-0.058773683045583669,-0.16641937515248981
0.36987446174113758,-0.18221701927564685,-0.25916415965882766,-0.27188240637451155,0.24973632108025581,0.23490550691447817,-0.25100171280784966,-0.23226800405430834,-0.2042470156257423,-0.24960385205137278,-0.22845676770100384,0.20766394448685294,-0.16525711225955267,-0.29576451414647342,0.19584693985244667,-0.23248051937513819,0.21881296005205778
0.30078333894127751,-0.2547863246304769,-0.29809441595309638,-0.18231649900254279,0.26540529905372501,0.23646925728707446,0.28047545480671493,0.31040298902516983,-0.2489847203852445,0.22023680532286199,-0.1992672750452647,-0.28411137216931343,0.26488237194361319,0.27731245326028253,0.17384282366528198,-0.050302775267136869,-0.10197363419010608
0.2013479777073649,-0.0568909414708186,-0.23003649275302684,0.14429361739474825,-0.20755414056928886,-0.24175840588505615,0.37515766211101459,-0.30813289668006144,-0.21319234862546302,-0.21654800926693038,-0.20961759864506099,-0.24556857676225594,0.29569155497838634,-0.25955140477648347,0.17298640145791661,0.19300877558722007,0.35595699706209338
0.26855737676225544,-0.24895155398049251,-0.27180779801815108,0.25016722567264238,-0.30190876248958926,0.2804723636127216,0.23317936947011272,0.21713587825453587,-0.27288194699567908,0.2410073327371885,0.29567935181699162,0.27629177095918811,-0.1905211249839257,-0.26780813306648943,0.15614669384140945,0.085323369084464515,0.14869030893621937
0.33269486766022799,-0.13056000911873711,-0.29397076247138287,0.28198448215758437,0.18700824975515459,-0.3431775619517356,-0.2379985798170981,0.17485918844496201,-0.21083914681276184,-0.24681188384525757,0.28229999826473789,0.28178088013371128,0.3032694545082017,0.26004964461313035,0.18511097013082803,-0.05852362786761129,0.067969817976089295
0.22583595286102001,-0.31919244506519084,-0.2877180155158649,0.28505794606946383,0.19726684170149728,-0.2168226216001444,0.27780084469769134,-0.27859339387503718,0.25815742220984556,0.25616018879486951,-0.25129374252162928,0.28162981636611245,-0.25723128481305313,0.23232506711475023,0.12262844304231037,0.077890580421273489,-0.16243776691626205
0.28631305762793707,-0.35111680109653171,0.30428270208699648,-0.19600998767048017,-0.25164657711187488,0.25207803228535408,-0.27141776703487841,0.23616701984385147,0.18142083991260485,0.28615754623902834,-0.2837317382226256,0.21253102897964246,-0.18650511467978131,0.30272280621321024,0.13827256078859212,0.1128121175577283,0.093156949231404801
0.24493137024300557,-0.21643684661593263,0.26688990016694236,-0.23960698287555163,-0.21341570943163934,0.27158838791267775,0.24452216747563787,-0.28734283494154472,-0.2970360941454887,-0.24243257768381465,0.28098622136107199,0.24015385928815836,0.25877625387780173,0.32189887464541067,0.11634270136005462,0.075026911552495579,-0.17169348334831347
0.26562566712279145,-0.28830571638927294,0.24976260647036616,-0.22861975415921768,0.21046518922164445,-0.25037609428133811,0.26645058305157626,0.26105141073886445,0.24672653335247063,-0.27441972029641593,-0.24511649424803233,0.28733400752877708,0.29380080887931509,-0.25342010686063171,0.18751492723350094,0.091549586541448721,-0.11242774207382475
0.20875756079832053,-0.24845851273497158,0.28936093299807103,-0.22682253090688384,0.32771022973804259,0.26671116773765602,0.29524542597171644,-0.16425875910290941,0.24183464765315565,0.21686233481058087,0.24402457819732182,-0.25450522019443828,-0.22991402283752391,-0.26118937604386888,0.13485874713047424,0.17967241771191966,0.25582653627245328
0.20869781661934197,-0.16746874562802877,0.30062562104878632,0.20302614605767422,-0.21961819955740738,-0.23277809497293636,-0.16697294916459957,-0.3048110568144336,0.24486285629342169,0.28996863897833397,0.24278059633111315,0.2344540543003886,0.31501610467839763,-0.31381638190727867,0.16305837222524905,-0.20681018394319287,0.22038923559370838
0.25107073376382166,-0.19866819284883891,0.27147766342028218,0.29516016221107966,-0.34346434228107875,-0.26971298415478484,0.31280521975206349,0.20878316872839398,0.27016691295568962,-0.258376682269849,0.26120035116438045,-0.17703186987734634,-0.24101215120765532,0.2647664729522971,0.1805501935494862,-0.0069477176901972292,0.066144272749490862
0.31618640620842436,-0.31269576564332957,0.15145791604398887,0.38607947304568574,0.14437573051977698,-0.24501955160826522,-0.23258803070563352,0.23586954602441207,-0.21320025074739168,0.14094452042958214,-0.20785441545861932,-0.25358039923557302,-0.20727272285599571,-0.34574134220451741,0.14168378753981692,-0.16037778398960531,-0.24190808084235799
0.27737966909942008,-0.18587209854594455,0.23592252473207245,0.29657627567704026,0.26965837029167911,0.21653494510583216,-0.17281705417823584,-0.2708603440348506,0.29439370344987653,-0.27631266039264812,-0.24835220228904586,-0.27642063037385767,0.31268999732285807,0.27490371987525836,0.16684164735640053,-0.054015483910933193,0.12983320165536588
0.28110071603217041,0.24693503077024304,-0.23917166534534318,-0.24469889051456153,-0.32740291724636111,-0.22094991867020458,0.18716514253827168,0.21577258158344956,-0.23971809078017925,-0.17911387509492027,-0.25138380507070318,0.29253574281677541,-0.27218385978402132,0.18841369624213025,0.17937378334724863,-0.17971098856689741,-0.30488099576174821
0.16874311477848702,0.21655721406616826,-0.18543549123858977,-0.33603981062341381,-0.2154855159456571,0.33910615024130836,0.25773733366222068,-0.2553653385993247,0.23696109983371549,0.35673566455980843,-0.25864322685116647,0.24360853179219208,0.25613402024083365,-0.2349053145383915,0.16925138104700702,0.11172722754465368,-0.11263303793923821
0.26616515727067186,0.18108178880746864,-0.19915722591855281,-0.24560936849339426,0.21106367691667335,-0.26019087421228981,-0.30096090038672696,0.25377670611619874,0.28553614665586857,0.3273910995219646,0.23020310794350396,0.27610129338133871,-0.27837172323295545,-0.26629204703094977,0.18843447637418576,0.14411628162178008,-0.080809294606812201
0.04251033862592956,-0.11640688637226011,0.059222568879568574,-0.094305207636945193,0.11921844658986688,-0.073814598338040271,0.10828249401539937,0.022342464992780524,-0.0032380301515321504,0.030438253505713924,-0.028155289533768984,-0.01007722470395672,0.076272394770306132,0.22174022661124801,-0.31421538216735162,-0.29633236917839634,0.83486165156770753
0.20771720009801878,0.31481360711625683,-0.20719556248841089,0.25234904214405701,-0.29382371218284309,-0.28724615567124934,-0.18331516150719362,0.19279286063189677,0.27869327781558639,0.3542916688065823,-0.27513934119851408,-0.24858580943873562,0.2598826497662709,0.25912499095025715,0.18997685743378256,0.0073785147631953256,-0.00040149006815636868
0.19972150943803188,0.39520258073091341,-0.1426946652238606,0.12720387542721301,-0.20630485414986263,0.2180798668411438,-0.21423555551251269,-0.31443905412974538,0.25909372294154581,-0.10571084739038844,0.17928250547755803,0.26346206463746047,-0.21006223436659527,0.26197965520259769,0.1557538553369143,0.16161421281955665,0.43531323915951992
0.22964770446483751,0.30206902431092375,-0.26673694547873517,0.27139145405372461,0.28811850784556992,0.25457216354891188,-0.22980906436396165,-0.2667351986709216,-0.19072526106421003,0.27022511864987464,0.28865293600343106,-0.29051360036009732,0.24179574124042352,-0.2541284377386186,0.16563501952304888,0.088101159634848977,-0.063840088442525894
0.25793820090644082,0.27608295311555897,-0.28897911284929151,0.26157106567996968,0.1626357025227872,0.27362601568228001,0.24960475944157387,0.28330518922846681,0.32703260294237768,-0.26429472614902549,-0.25330487011936637,-0.18107492673425907,-0.25868837825258684,-0.25240311206815619,0.20368067771580747,0.12025922257710538,-0.033214213604919003
0.23840444263257868,0.22072766002878741,0.33000876857117278,-0.2732146957614825,-0.26143429583289479,-0.22386109134272056,-0.21514765385391668,-0.28896409969684067,0.27260392107671527,-0.19231812351493427,-0.29708733402825088,-0.27433967573896156,-0.26293465823463791,-0.25656498522287635,0.19846830437812457,0.095247792122110542,-0.066300719125778437
0.18489848346558088,0.25369023418391651,0.3139889941119664,-0.22792929000674694,-0.22674751371992569,-0.23186744007169027,0.28564461483644127,0.2628630741564027,-0.27406651531742726,0.29248123883998345,0.27442792710263958,-0.2543043210469898,0.21287303070029176,-0.26009696979591374,0.19514035454761519,0.098086668487967862,-0.18368712956715577
0.18724541126257968,0.26981090585853085,0.30662602619848062,-0.2400487755923911,0.3825444914256787,-0.25216545551969355,-0.18146445976271872,-0.24702120533488411,-0.26535127197749486,0.33171495139939078,-0.29293450904237744,0.17512581140158021,0.21781126007996163,0.19880159850298534,0.16897158108121971,0.081792210870694618,0.1322527921424258
0.32652947249925812,0.2772095316709961,0.27118428064983485,-0.1674241275948026,0.25703924565640218,0.20831988051106731,-0.29002304382071586,0.28910614940729168,-0.22043198829198893,-0.25260348858599196,0.24195093899306067,-0.25093462605680394,-0.28837797201545362,0.27873983927809659,0.1965245491822476,-0.038154510419817676,-0.054377416162420526
0.24556668772451831,0.29947796431270279,0.25709872298096942,0.25623546981884221,-0.27731897787044213,0.25174932776031234,-0.27400518817607167,0.18108302339384824,-0.27638194373895086,-0.22433115432646136,-0.27158883085617203,0.24599134469269612,0.32087504067560446,-0.23515217018986692,0.18740765045465169,0.12535435010167637,0.0048766430908113671
0.2065005585674721,0.26529703828323664,0.25782008099872478,0.24374807032255574,-0.17815638805690964,0.29298095223954357,0.29808216467668136,-0.21232838185561193,-0.23831940513973618,0.27156831222043992,-0.25501526767346794,-0.23865526379662541,-0.24946723093954276,0.11258542081685088,0.19545744541203544,-0.35720548307664135,0.12780248066404787
0.21048642035675266,0.27410298938823402,0.24829284943107799,0.25695886659422312,0.24881138983119636,-0.21629101666961564,0.25444805939754622,-0.28330296338362176,-0.22455709260334419,-0.24670339585804732,0.23846382493569199,0.31759918321124192,-0.30134531214519705,-0.29644022082237481,0.19905531675612242,0.066831472410393625,-0.085991670565945949
0.18659001330826186,0.21602742067537717,0.23008782382391443,0.32139499095850643,0.18995608096867975,0.26718467275494284,0.18588432829498727,0.27410362346334322,0.25052214991478489,0.25500883242584693,0.2412773296328021,0.31363622898245536,0.19687013162664477,0.19451428195282414,0.12456170859554645,-0.17254948858855107,-0.37265070186737426
-0.036917899584833991,0.14352567879832567,-0.051909394374694683,0.074793054275065357,-0.11760239679452843,0.064472364649481514,-0.10303287671161271,-0.018010203146288917,0.0020307551240366065,-0.048228588783470298,0.017313905163496207,0.00099691951169356423,-0.098947429057973255,-0.24201428698083557,-0.26922388227914312,0.28571566772172774,-0.84599903965272638
0.11372318417569387,-0.39717732903246089,-0.064494565193094155,0.06133378724920658,-0.1042177480262951,-0.0055896320540896509,-0.019435624194226037,0.026075944852913823,0.032143834624382563,-0.064183995429633975,0.034654939049540812,0.010469882929635077,0.011093983596255437,0.29713663696503051,-0.38853486746426286,-0.68853662542540339,-0.29921039921514292
0.22902982993636328,0.36676828366839997,-0.17977115750662725,-0.30176947263571335,0.26270216224735127,-0.25512008431243977,0.30744034407121951,-0.20382212622013865,0.32987471583750338,-0.15855979755787425,0.24606513235321006,-0.18284899655784362,0.18683675250881901,0.15928211012269405,0.2179824148664336,-0.28882212147857567,0.018124995099369386
-0.07842021024527443,-0.016112075412563143,0.015892017535526878,0.015586768896431536,0.018106204247092264,0.028900732979707341,-0.019452252886795654,-0.042326095956833773,-0.039106399992705813,0.017351256488848589,-0.012984934148796461,-0.021426322869479271,-0.029660842195076028,0.086070351426434696,0.60109790427542498,0.77193801821831798,-0.14767956739669635
