0.56233971063674804,-0.25897598927772658,0.36561238474967017,0.09421212855541089,-0.051167765021362603,-0.1311995561754572,0.056664474258155503,0.09752046052211763,-0.3773054223895923,-0.09263125994184454,0.53913323687656256
0.35051123014919028,0.11310927223263913,-0.09865111734713379,0.52427065506506387,0.70273220887309018,-0.020354005949974434,-0.1563594731425704,0.026072021527986711,0.041602715428908074,-0.1091292298382429,0.21619795218300769
0.42267990770648256,-0.33859953492509159,-0.15569437530247349,-0.048139844919805413,0.2290484959294814,-0.54825496093451731,-0.15704928037222635,0.051646644546786982,0.10499225530391239,0.53585751909618584,0.039857808758844739
0.1283004915792999,-0.19467649369112885,-0.12547652838273218,-0.25649213303621088,-0.052291123898665318,0.24219826259950003,-0.15776544534530787,0.51249189068377321,-0.036310918247878306,0.41273213261351382,-0.58609636007917076
0.13600131474904792,0.17770070684209352,0.15542355661729218,0.22400305668803591,0.4008846879706906,0.41942726219673226,0.27304444571838971,-0.13824021817547757,-0.11017016142759561,-0.02323629379966672,-0.65774118877914389
-0.25215657231053074,0.21788727937064964,0.25230890576067755,-0.18986296621382842,-0.097859446880399617,0.042921849545454548,0.52471969920830352,-0.32855283543002323,-0.34614120389237002,0.18007202296209984,0.49223806766560996
-0.25565372295670741,-0.090478479180078328,-0.24441115614506956,0.16623602330653128,0.30364994148176772,0.79825236018206325,-0.24077310345389172,0.10533791787250819,-0.0037406814375537463,0.17243593457912676,0.10419963547082517
-0.40964275047655074,0.10861409043187613,-0.35687504983634794,-0.36626085553127047,-0.017947474873020113,-0.055927509824632064,-0.056720869619685442,0.27165759771335679,0.02393082423803496,0.60437462298490574,0.33553316667552058
0.24587389091518624,0.097652967486239139,0.28684786027598014,0.063507191929960558,-0.44431258071035551,0.58032135936933416,-0.093601631448197498,-0.1283512519990587,-0.43516916324002936,0.30054753091940578,-0.067617982383275696
-0.12756672726072268,-0.24737951090786431,-0.43641826647841891,-0.0015109661128446688,-0.49277727244965192,0.27164181155827827,0.039941225946219759,0.10188118961580124,-0.36437267643454729,-0.17246295245749921,0.49087901939756967
0.055571170992742579,0.23093284683955997,-0.60543183477829332,0.2846135241149188,0.019314411608384374,0.16724969927023636,-0.027194026337001177,0.44042949734141401,-0.14555330180299678,-0.3999070847577087,-0.30307539462845473
-0.017987712776517013,0.37679327645285898,0.042959662932654734,-0.30849382215427185,0.079287271615318775,-0.43475260780852421,0.45709667955378852,0.028079461660662837,-0.082498655758505235,0.40870239460738245,-0.42640765757642757
-0.14589097721063046,-0.35691399997477696,-0.044182420192051611,-0.16277947929328637,0.086935822233478691,0.22891666964527591,0.18906125287389672,-0.50922621225829401,0.012046422386071452,0.64861651606086212,-0.21682781565151052
0.12542113791364684,0.1475535982855663,-0.60206266575588996,0.099199457154457438,-0.50950919244957993,-0.16281225385570891,-0.11463642494239455,-0.21476734232512809,-0.15855241484454388,0.3883914950577631,-0.26232936904812726
-0.10893145289479662,0.87925590935663611,-0.11356422947458295,0.23986295965326024,0.10212275237044746,0.1778034746597851,-0.059692308008076726,-0.030637237245368366,-0.15610804612588008,0.26474588899120821,0.060057130340474531
0.26408831044884479,0.020799675115219407,-0.036583553712314261,0.056256067259925095,-0.39554252596225931,-0.10718328642834479,0.55375877511906213,-0.1416969464293939,-0.47080215642660805,-0.3681351808324354,-0.2710618048493057
-0.42076093293611866,0.24496417885574537,-0.11967980837636856,-0.10510694502052861,0.62910697548989702,0.078081097840339939,0.46104365268026598,0.29420631788948909,0.0078938675987139904,-0.16381787929165145,0.098451001181162096
0.022034896478550139,0.38012478565338453,0.17101479756729565,-0.28357561995729719,-0.23708639301354145,0.056203442498438866,0.17789300098883779,0.69316526751199525,-0.39449854452582689,-0.0558123604854261,0.12296952323812375
-0.21862029779337713,0.068695340559170898,-0.52413772658607061,0.37832617784794437,0.15854135773713837,0.15396810631390689,0.31963267188025818,-0.58128860560202145,-0.09719596116944014,-0.1640227013053708,0.066193149797412393
-0.065955589123197877,-0.53663876301215585,0.28073228137477557,-0.28146271274193835,0.082671642407556381,0.48059898255105249,0.42713432923825267,0.1964923031344688,-0.27116724951611954,-0.12801623736190304,-0.02922411154255871
-0.18640834212992449,-0.48673813221007206,-0.60817824465564219,-0.24577044751914234,0.017475030676933439,-0.26253463068733912,0.40609953573976387,0.11007621280305779,0.0054494988866245972,-0.040172273226012419,-0.22393549820466579
-0.026648389676782541,-0.45153044224425953,-0.017629360303428546,0.033851686864783181,-0.39504087208562932,-0.46388552299172287,0.072070916952591838,-0.59435800912191949,0.02939667105540213,-0.046672985873254115,0.24740277077942369
-0.23516552913335473,-0.24139727052091259,-0.58647764137053904,0.26220914371951237,0.01981606548578814,-0.18945253729382058,-0.50888188450176242,-0.01223156535031533,0.35464552567844193,-0.078444889799674289,0.21538918100035359
0.32797322286357583,-0.34252507596060799,0.66193192290320058,-0.12047143430026803,-0.15269754184934264,-0.19842636711164713,0.025482690797001488,-0.15130962169349396,0.016422470794147628,0.094113421633871583,-0.47653156779389277
0.24754307910932941,-0.2892929359645473,-0.098923468496378633,-0.059860966867254485,-0.53426781821437752,-0.45060393003619692,-0.27475578126447359,0.42736009382300871,-0.018960669578163676,-0.28255736932684211,-0.12186577364630062
-0.35975537419215253,0.22386951975006536,0.10224953086029874,0.073857143610298687,0.41473389105712177,-0.41817249930930112,-0.02410341123590402,-0.44266559038981734,0.37287699822131459,0.27409008561414339,0.21674822926720444
0.13827508903619501,0.10363520786711158,0.13678848537700991,0.32722730175602438,0.068280757227348998,0.11922701051322317,-0.64242474189461407,-0.24246400696217527,0.28384903887421525,0.39456559357291704,-0.34310782078053631
0.071922272768608408,0.495380214974532,0.63013937826032007,0.15654237918754244,0.19559497291707295,-0.30604154698783009,0.21051045937077326,-0.021157920588975466,-0.045552370537306666,-0.38609689785616885,0.0041845858316278805
-0.096498356596852033,-0.36815119369049776,-0.020998529327094773,0.21926575382595118,0.13378273197268048,-0.13382356986411784,0.15951331555926851,0.060838830547043983,0.042395784097209795,-0.83497156568927178,0.20665674519962013
0.15648950857699151,0.026781915503631799,-0.18664292860334916,0.31997617709360776,0.11705081197277331,-0.56827763527911668,0.0049356646698741694,-0.25580970139570108,0.24821604568655242,-0.27411711817357709,-0.54655164324550032
0.21533112344579683,0.266140536805415,-0.014882950425695462,0.56423565850040946,-0.39320149115346026,-0.034101193033252583,-0.36122264512389296,-0.26400472458387819,-0.12160612963503306,-0.40640779740548527,0.16826287435567838
-0.055980991668016719,-0.23832706145408397,0.54299729513529693,0.30225672204936632,0.20324352353428946,0.35762773046650848,-0.057524967309226675,-0.55846359450913619,0.048992707605471877,-0.14618277640273086,0.21376442775558471
-0.34188941061738737,0.1577262364101239,-0.0035114393867710552,0.38004612400298826,-0.58510146834963439,0.2155869246483656,-0.19852627662689909,0.43787605148918807,0.24427353095053531,0.18179855257896524,-0.033118540323242789
-0.22878902481731883,-0.27526160395048377,0.38682855790416337,-0.44958143600122613,0.075524745672204741,-0.53977253147122872,0.21348189775961346,0.28113691436625815,0.13448649982118308,-0.046468163860250572,0.27966062216510829
0.21821047712399125,-0.076089555170127984,0.4617031869442948,0.20854406830511885,0.064016577401301608,0.37090932341979621,-0.40435166552920426,0.46325450843096999,0.0006353669722565338,-0.38206715984856593,-0.15550411667173261
-0.063681814835591252,-0.61070426198781669,0.26209721013552251,-0.17823846767390272,-0.2499322883357788,0.18039873086923758,-0.48833485837406176,0.092268514347902869,0.12285195078500868,0.28978565001101353,0.28540925645541765
-0.31973276493709646,0.22720102895195876,0.2303046654974199,0.098775345806963274,0.098360226427581701,0.07278355099794151,-0.3033070898016707,0.22242021545886981,0.060877109452846079,-0.19042466947699788,0.76612541008078139
0.083040455224983101,0.35903012655017508,0.39294413680390311,-0.10461153132581479,-0.45145947745218101,-0.44005015464596409,-0.3072540629292238,-0.04370664076438191,-0.029515413904333057,0.38209560442277718,0.24126675132431677
-0.17355439100561737,-0.5306565226321216,0.13067290647634083,-0.017742602917614928,0.59526498034630526,0.019504633696044681,-0.1216887812056086,0.082379548173511036,0.44785095259771834,-0.033998174709253988,-0.30471394994036644
0.28760719940632673,0.33769793627963374,-0.030029546761081986,-0.19390082756801619,0.19009948322502421,0.52612317739797421,0.079175352523357459,-0.14207855409742498,-0.26597463421213774,-0.53022298926203792,0.27104521834236872
0.36457482981224582,-0.1440478528948704,-0.090865972544055762,-0.80437453027132355,-0.31508246252113425,-0.036881258502671578,0.078439675632711703,-0.11480331226337481,-0.1983699219942088,0.15765301724338104,0.082979100941744349
0.1386605308649933,0.25277971634280161,-0.58600129790668409,-0.34571868614079693,0.48894909968999789,0.081335115015604628,-0.14874958440796374,-0.19100281089507309,0.24839407340676062,0.14005799275130792,-0.26143019794947797
0.4124857823974532,0.23397484627465778,0.074140409494617629,-0.042331463535124958,0.21902448447265976,-0.20553037971623334,-0.10426856128443601,-0.68116460711140692,-0.42618987616326237,0.13082940161364473,-0.063219759542707893
0.013165455291884605,-0.1685500496856345,0.1921494929383453,0.2724897745469777,-0.0088474096004109992,-0.049811542480310569,0.78143476648869781,-0.08487294882258814,0.48743772003063757,0.042722535236191905,-0.020531015638183252
0.21136732746461218,0.53914286499014752,0.082919591783629037,-0.32891790539411497,-0.303964496814357,0.041595140224783576,-0.28680001637680885,-0.047093438675106652,0.00772963159843149,-0.26848925771227367,-0.54666565260204858
-0.18990304379201367,-0.023711609375331531,0.13246169754825354,-0.51213353614706292,0.17373001689436982,-0.03835945289349825,0.32535814127275742,-0.54175946041040957,0.15715717714153157,-0.40474598292599395,-0.25301234143936191
0.18073995064877041,-0.3230537910725132,-0.19236219279533703,0.10395110573567724,0.10586712335768039,0.11495514380495549,0.15849126095073285,0.73297516551406694,0.31802431535321984,0.037438736195572628,0.35471755332274635
0.20735404363463503,0.010738951957666614,-0.13055421031093836,0.41414651758243992,-0.16831867665246542,0.17607800824643793,0.035518842147060962,-0.21918771419816688,0.23625125351495047,0.5072745300289403,0.58868127874021881
-0.28607134549356783,-0.099000439907202004,-0.204130612276957,-0.61369592532519779,-8.5727672959533518e-05,0.2389505670017488,-0.28190796068049967,0.3548413937251112,0.19895350394539443,-0.43316844486054978,0.019256437515759294
0.38575249291454566,-0.10131285375899485,0.012055607703338675,-0.35391614705034546,0.49443827997891787,-0.26692699503724654,0.019254613882183119,0.27526272290442677,-0.34405057744314715,-0.34111064501383309,-0.29823133790400208
-0.2594572525069993,0.23479230312470881,-0.14232262979320012,-0.30350051348507828,-0.27427152769051533,0.30007343144917231,-0.4048803794829699,-0.59732148598396917,0.11718044210243574,0.036667348976647647,0.25322016292925215
0.32905449878410581,0.15872725750904557,-0.26759273793577854,-0.14992350124463677,0.05107196335001693,0.072972690121773112,-0.71556153453235982,0.2175420330780897,-0.38494276292492646,0.10226776547675341,0.21568503319935967
-0.08718076832195272,-0.40702650997910306,-0.21419540583867888,-0.32838491830973177,0.52426423495307573,-0.00729105751823111,-0.099354595549409785,-0.27742962984364766,-0.23410956977778552,-0.034587333937466866,0.50523692489787397
-0.090417073238003409,-0.076018657254600053,-0.069845113274123391,-0.35260009834905959,-0.34429096392371156,-0.22192747837025562,-0.065649503425349892,-0.072615706131782629,0.75238894961494773,0.22181890609445226,-0.25333183226018929
0.04924272969079628,0.0036048883882159998,0.45146164678000661,-0.21024812487707298,-0.62450722487581967,0.1951279263889954,0.14806425120799482,-0.026741890159904184,0.27009127191870846,-0.40666987294337004,0.24594359585919123
-0.16258575079541554,0.37569014989863647,-0.012801855316478202,0.21981040163215257,0.12939274901904363,0.30597347661459628,-0.064959696192872757,-0.098190329153539799,0.68899940973867768,-0.42316784283947356,-0.076991688833667957
0.67817862360794012,0.3150895138221706,0.094688011266064548,0.3887291256690561,-0.19801164577836272,-0.082400282977795933,0.15359920525225393,0.33104033310372316,0.12680044301251275,0.20211792334070244,-0.21120453679228762
-0.60604466115177646,-0.049241988434007289,-0.063448719820341601,0.24871066886233653,-0.055371395770344618,0.048961485935159407,0.20402384179740102,0.12107800354861346,-0.60218666730745318,0.21961316522285521,-0.30297657376440884
0.36301911213331822,0.025025561105312111,-0.40774187425790842,0.0089621256064492134,0.2580320193319976,0.21467647097151932,0.40607985836321875,0.1415780112573625,-0.49294489990148438,0.38639792988927502,0.10652398982270055
-0.32582414348707667,0.37312732710873187,-0.38164478235857824,-0.31739199728857309,-0.018687633937994875,-0.42989908941339178,-0.068922148071773354,-0.11459181843090802,-0.44825746657334919,-0.3118285421188644,0.083716231017186296
-0.085563905401754237,0.38610702603460823,0.020955422670096611,-0.019855510134284028,0.2755069449236891,-0.40489090635580616,-0.37093010945565519,0.57905251254989476,0.32451965758690138,0.03820570216875744,-0.15252031516052614
-0.024043365065296699,-0.39008123466012296,-0.27547508518271679,-0.12936184768174172,-0.038334663532161417,0.27796178924366688,-0.3405572483214927,-0.33278850413895766,-0.42301093476466822,-0.27630163938183588,-0.44033732448627017
-0.29388507356419402,0.21680101901330504,0.38420160239154427,-0.51809390556221058,0.36893690284398239,0.22987790714515424,-0.26039979802524682,-0.035137883888098832,-0.3534351057487653,0.21301968073562766,-0.14933834371790411
0.60617340437576228,-0.33272470421578904,-0.083546402480030743,-0.073712379314522639,-0.052933199731525167,0.53316177245664742,0.0077172030659653562,-0.16670731182784199,0.42323143417657555,-0.042876577640013902,-0.11643465434402187
0.39979535533793642,0.2251704987130845,-0.51362924380147323,-0.09788131897887932,-0.22409591559168177,-0.22812506961898626,0.27067837207306034,-0.066024472239809395,0.36234562414414861,-0.3138833851389502,0.32613340529220181
0.29224490636697514,0.4135788982846027,0.2843363313501458,-0.40927093544123838,0.21455880900875796,0.16744579065035595,0.18723490998456691,0.12536018886543421,0.45550455906236204,0.25058503420064659,0.31634259147737925
-0.62442990203895776,-0.079482931592988235,0.37590218887041593,0.053745160309340768,-0.16297447435900703,-0.26808915757532481,-0.43218113084311538,-0.13371628082604273,0.037563381785204068,-0.30921824522001762,-0.24384171715652433
-0.14895044481016118,0.10054313444252021,-0.13120722628750692,0.5375917351477093,-0.10000894131778146,-0.64055145522026713,0.24412537408335699,0.26126326133023148,-0.095306415687995832,0.041658590529858,0.32015970549299611
0.14099160392604926,-0.63272508482984036,-0.029202520518617572,0.71824554314315681,-0.11888522642520757,0.039540346658452234,-0.016853598418558317,0.051626337433592594,-0.071050294424721605,0.075791788206122715,-0.18333545519063318
-0.11826433080426942,-0.049650560058214381,0.60459533530813392,0.34476327612165059,0.27240925217829964,-0.0066572254977116316,0.060159309696230887,0.33760025230525037,-0.0042038951538677684,0.54591724411686526,0.096247761142035412
0.35123521946929426,-0.050106897441439202,0.23877818815392712,-0.25479987008748739,0.15918866162085668,-0.28754040171796558,-0.5213998123804523,-0.23799002746477041,0.37172315282575069,-0.37082488452675427,0.19994598029382446
-0.15007786881198579,0.28760643877147346,-0.32189261222763055,-0.29549812782585527,-0.315307440522342,0.54100395353579822,0.49747963531335954,0.017315660575438336,0.15445179440710036,0.0723593168879543,-0.18666565119451942
