-0.059655873919182395,-0.41449965103569336,0.2318202200274041,-0.21278447286379476,0.27161230095392802,0.12771570509626878,-0.2488273226366074,-0.26622368483099274,0.23981214951300822,0.33192216873067426,0.54861853105085756,-0.080347453056300158,-0.16618826825493152
0.31734548709732951,0.10468825907110085,0.1867711002974031,-0.31965542489110055,0.33113572157519316,0.0086977853465588038,0.0012989260534367008,-0.082437871219157507,0.27593550573296327,-0.29520287227873937,-0.077777333114214864,-0.021780386956678617,-0.68186225173552806
0.23226969571305259,-0.19759460719648514,-0.37389289050202656,-0.092397708234402437,-0.17627743511869129,-0.079490885381052437,-0.2844895834686314,0.12641379785429407,0.027858632537899899,0.66143576919794134,0.13495459764766177,-0.24201729922179332,0.33061779518698842
0.32069072564107953,-0.30801117198691297,-0.2267825212449576,0.3738298155190517,-0.25049076113708907,0.030419978377356095,-0.1759015536723415,0.13332646970011791,0.22233694327664422,0.22503359844210083,0.22999818512535172,0.23847076863860311,-0.53747364909343898
0.4891789682379844,-0.32307914327675435,0.58378090699604057,-0.041555924749116131,-0.17942457282417673,-0.22498198794633356,-0.05093714517143199,-0.06226712076616938,0.24956053987869919,0.3272289669698043,-0.20372456654364396,0.11470951251289294,0.022218719025736879
0.047328100112991482,-0.31475777385723747,0.0091161474315584121,0.037854804881525365,0.38050485340755275,-0.21160628019890346,0.2373151826290209,-0.34999099039135517,0.051018961425100887,0.065047229279832114,-0.23655485759280731,0.27147555726790201,0.62634407356123445
-0.38940879866334988,-0.1932586352634349,-0.17689564477199901,-0.19331660014431232,0.19438738516062842,0.69678062709773114,0.12776255859259131,-0.27845317175790174,-0.039489625952172661,0.13858928935795875,-0.083645999825396777,-0.15063606223996809,0.27339545373694285
0.52970182266145027,0.17150200971612614,-0.27837393642370428,0.41913034103439778,0.022971380566627158,-0.18680890648190154,-0.31803982113022439,-0.39539724238751495,0.21465017040539797,-0.050416453507344423,-0.20489985671726221,-0.11665039581462747,0.19929728782084041
-0.094112994485692811,0.36509404628000286,0.28784430441164921,-0.25932500253836116,-0.1406171601731209,0.077197796280422282,0.22927232025248914,-0.23165607545539679,-0.14831548762778313,0.63872403100664976,-0.084233691563235638,0.20389477210840234,0.31168573428673674
0.063970748386297571,-0.30296451429901572,0.4076594140793417,0.18901112169328874,-0.028947207893749369,0.26831641667281386,-0.10284281862254162,0.15516903223886816,-0.017154975677596402,-0.25718896164511484,-0.32801751184339278,-0.38977748797350564,0.51842135065656236
-0.3803522166713485,0.2394647747890413,-0.25895588735324976,0.095724175853219823,-0.052497073240455883,-0.20146064605759267,-0.38703566946377538,-0.27402685175645092,-0.47278081635865093,0.1714115606518701,-0.35962603259735898,-0.13426026317253481,0.23081932092097462
0.14302974636965651,0.37022861149246916,-0.38696194640170739,0.1594240055212541,-0.16429723148997566,0.28259072665233131,0.43249252193439341,-0.24526577659041282,0.016965313086376388,-0.14546072489055664,0.19696445159345333,0.25089053783376963,0.43597456591604644
0.21483435889938421,0.22766616138682505,0.37839197943240716,-0.095748774698029185,-0.2272097358005471,-0.26303396301587989,0.013873351945653136,-0.23601455440689439,0.070644913542405471,-0.63023986561312462,-0.12315885174770465,0.24685010014680211,0.3076742806743526
-0.24119818014576644,-0.045358928797500551,-0.47974707231708186,-0.089771369903801107,0.11808813795312405,-0.095642043789763501,0.589862293678595,0.077777076005714221,-0.409940343052488,0.23968753978142038,-0.24416284612136188,0.19133658231015216,-0.052387599253368826
-0.11672426092273509,-0.27278240940170373,-0.15735942096590619,0.16578287123378965,-0.1790621304757648,0.051611643791270985,-0.11578364015412075,0.78945835426256239,-0.3061861798774973,-0.019902668730430572,-0.2577762410328342,-0.078110662934685077,-0.14712560758911494
-0.006186092599882391,-0.15056785759251254,-0.4289071691519219,-0.17327102577822595,0.025550456750838495,0.28336343590606017,0.38221590794462268,0.025288622964156349,-0.035875785241302818,-0.2148983444844377,0.55664931365306314,-0.19048337739400312,-0.37685530529035721
0.074565227056702696,0.63161601045626681,-0.17835857370595329,-0.023339059411217965,0.27339072907364576,0.40493258122909304,-0.1694325169013372,-0.17093873000891233,0.054333961199529782,0.31190923517353764,0.31742179550518085,-0.19524066844960108,-0.16549734514867212
0.041306173505617598,-0.1038985228525144,-0.21903718751792853,0.024526454034528439,0.15883317140110839,-0.31031613893494142,0.29056733612577612,0.3232455182426045,-0.31959574811165598,-0.51973373463916794,0.20158853138620103,-0.16860182825573261,0.43260816751130232
-0.10874284118695121,-0.40662218891276586,0.13312652099010361,0.22392762193438775,-0.17687985239458648,0.15078066837728021,0.49073849962075894,0.24908802406858052,0.12908886476893583,0.26940924289144225,0.43625454766162425,0.020949828839440871,0.34361974301236731
-0.1995026185595925,0.094613507940381078,-0.30645086231727686,-0.65972854987670426,0.065571462523690546,-0.0086849820639835883,-0.11280052365588294,0.16009387820820797,-0.043724168327657943,0.086658050953350371,-0.19722729931468352,-0.53860802410224962,-0.20234973008297794
-0.13760065474787253,-0.083407662826667978,0.22533307230335126,-0.10573798601845649,-0.2556061701419195,-0.19758821040626154,0.38438702242508277,-0.082188548668324313,-0.058554828755889667,0.44492678047404144,0.071064430579565921,-0.25548748694033696,-0.61770319212088698
0.32766759936911244,-0.16990176096164797,-0.19925610703146046,0.20753712353702478,0.2328225661113735,-0.19949844033835751,-0.093961050861387452,0.064750885856952295,-0.34030674834628194,-0.35038097130498724,-0.27690567148917111,0.57802445999766727,-0.15684647124813178
-0.046835635743737947,-0.060009419255130987,-0.48333860429277559,0.022560346387970713,0.76791080112052523,-0.32597285014153754,-0.088475476398830188,-0.088222762299156793,0.047740635269480455,0.014016634135069306,0.12986454504356232,-0.10931962184136529,-0.13127238822513401
0.35649751931539625,-0.12078707198672931,0.13157616943253586,-0.40591270016597747,-0.12066435346000957,0.60689901158650517,0.016788332425662925,0.28043845890156688,-0.1551194516187728,0.3564989288243533,0.023275772565199093,0.024801451401833072,-0.24923546205021366
0.14878790213143997,0.54274512052503121,0.14810070287866142,0.34238955014408351,-0.35449867277948321,0.028553278824113553,0.041644954469050206,-0.25458616401068002,-0.28553136164770271,0.0069377313550104402,-0.064774967821804391,0.30795529272671912,-0.41289696879086879
-0.11380693440104768,0.4611594239166612,0.1950916959568538,0.25538858555650629,0.39124079082011809,-0.14316634296283914,-0.35304754995695514,0.31489686888783447,-0.2063837553197844,-0.41536293225186066,-0.11456006034909456,-0.16514460918572685,-0.13494417329875286
0.46396829981612658,0.22837532522145174,-0.19707316403916331,-0.14494478295675978,0.49891504002387743,0.29897703460625036,0.2170952252437674,0.099760241909357714,-0.14348853118734697,-0.11400768147934476,-0.42530725798275215,-0.16875632979933552,0.18545540130382451
-0.11070092602000442,0.035005073547868741,-0.010256954751983578,0.15707795438428648,0.29321286084203496,0.03811691070617778,0.33579362283756825,-0.60769641769124982,-0.37403948835871165,-0.46405872439537721,-0.082936837781092024,-0.1206079123320986,-0.12482572232688963
0.11114801415988861,-0.062953567812595354,-0.2741525658777727,-0.25647659795492705,0.18495319303551383,0.10022467848522237,0.43437343248023508,0.019813402984964566,0.66793117440558347,0.3840017344723396,-0.10800764761531051,-0.018548023419094041,-0.061794061699638317
-0.099222268636462843,0.34629953936317609,0.089669619920974622,0.076176688370140896,-0.22752499219657574,0.33430797554753744,0.3757117179116074,0.16879231092337715,-0.52254549326799227,0.0083186263367953407,0.031112853714868421,-0.49536382044659877,0.061091257242167296
-0.38706252034630012,0.064084134071551058,-0.18772972349032127,-0.12883108034144469,-0.31672664228908803,-0.42832791495758138,0.093334932846876037,0.075536558123937364,-0.14455438707755378,-0.51446005829847019,-0.047236197804616881,0.088893395319385712,-0.44759330453786339
-0.47062061372136182,0.28857209841053028,0.44745331910803393,-0.30504563237870308,-0.24042094849514614,0.21651111918351884,-0.17651408056272141,-0.39193596762885285,-0.011645644662951747,-0.17517134045456592,0.13333253764613617,-0.17942939489021575,-0.17813382014594245
0.54512161753607591,-0.064196989627236495,-0.088482031382513107,-0.0062625970568226871,-0.43709549442404755,-0.070924420810377309,0.57232297637429397,0.22297886833678329,-0.032503633548150911,-0.21297430175647605,-0.19667816034597976,-0.0063014588251455259,-0.17989002849383415
0.094607047924244514,0.34710628223061113,-0.12135166455428957,-0.55775690493315921,0.024078525948941287,0.046807386908527759,-0.041733808327989369,-0.093560911996408078,-0.62605225921338481,-0.197311483247231,0.1955202159120828,0.24946045232397546,0.012237530173944987
-0.31812696673921287,0.45704972274185884,-0.11610514050143432,-0.098420216782621195,0.30544137338118077,0.075912191637584031,-0.04227893636268977,-0.18888947974483059,0.28430754734819802,-0.1175640940687168,-0.49795919582670711,0.43111214486339056,-0.041675700013626582
-0.039534091149449946,-0.067932585837376686,-0.13776598745395771,-0.53268257933198859,-0.2528093465540982,0.15615887022220923,0.14148730741883173,0.36003937937586677,0.057224919501961333,-0.10291368969378697,-0.31097919941689578,0.2674328818809007,0.52062704766446855
-0.21844951083146738,0.067582343474901635,0.39087307914206609,-0.24056457591605204,-0.40110613323939481,-0.52310309391733911,-0.10112430868711395,0.31980156289314593,-0.16071847081565838,0.084742718311965032,-9.3244256517349669e-05,-0.28895589873262834,0.27116404847374026
-0.062047952595217795,-0.0084085215489095172,0.43120956769463736,-0.27949019516435525,-0.05999917938185699,0.013578967822403597,0.12903047326907047,0.023573913353522397,-0.41827667979842909,-0.090867054425416247,-0.69277710870696363,0.062446415344404427,-0.20971915978838171
0.18923983907182476,-0.41134966031070391,-0.10489468018948406,-0.51787691664404312,0.066410519731558773,-0.4547140089150174,0.081530562795581449,0.38092180058542641,-0.05554503404436914,0.1087272275135433,0.22651057416259865,0.22119301334014396,-0.19420673910093378
0.049271556243595478,-0.15318979716787048,-0.14941435812937934,0.029497258446243214,0.33338442454550227,0.40927783556585362,-0.59296753695092985,0.23119971526304714,0.40775553370086814,0.064824925581076415,-0.27244792649403621,-0.10779944405041435,-0.10429617758489575
-0.086175518617264399,-0.21554633672223603,0.23205289258963485,-0.1566455104091157,0.50619402322933427,-0.0025141543971979366,-0.069818491952801404,0.22802704178951066,-0.59313822873546018,0.34745224931622343,0.042198713282704983,-0.15599628701389562,0.23657120532235107
0.33507282910404795,0.26941841331804844,0.12713040446493099,-0.29951626454793767,-0.50685141354770891,-0.093644606640450601,0.026786844279972712,-0.054084342062396387,0.21313950595651185,0.10304802835083324,0.61533066271910908,0.058843884666539295,-0.042610961628477759
-0.37267014171032919,0.0014047795885072608,-0.18027550531906586,0.52420190993494897,0.086963911418808618,-0.017529982657840049,0.1510523196074752,-0.51218030238613566,0.11984049231724458,0.4386441989046746,0.14875296931061385,0.15966243839489844,-0.080141046521310016
0.37972752643647179,0.048751348888799999,0.21536598636597348,-0.086764470282900977,-0.10141975566809436,-0.12677676098209734,-0.5307477188393479,-0.17098783504763762,-0.40294128213436375,0.11796989921388717,0.10507650188685373,-0.42383359830682432,-0.30866951783040475
0.59694751573614535,-0.03651676055521591,-0.01878620266848393,0.063746044381657221,0.27395169079285908,-0.069542893272991166,0.35041325984637012,-0.30116695254450832,-0.29748807447865988,0.34123099319465289,0.31801133296508638,0.15194935901280163,-0.12397346661110614
0.23503833534335047,0.060495489344482845,0.44656112494026512,0.037333678908444218,0.32230619011903844,0.44826224335682779,-0.35049776296286039,-0.38773892693959783,-0.19480676013477918,-0.014205537427324217,-0.09366445795317499,0.32158474395508219,0.10924700988371312
-0.034980138634287207,0.16496767056793155,-0.017018106158665787,0.59737340904618441,-0.55073374056291813,-0.067561869324869156,-0.051481866913862667,0.23449939251451471,0.17373126207031997,-0.34867687518840257,0.21391702150194067,-0.19687567057653471,0.11236640262642762
-0.62548091148281404,-0.34188996430872126,-0.0084744339952534734,0.24205648806438881,0.073865275238632969,-0.10310999345888093,-0.043218508550314984,0.0088337729867162141,-0.10092763213610732,-0.09575446529033535,0.18020569725086874,-0.59844072390610914,-0.072300758389942682
-0.3708612206603481,-0.10099927023128828,-0.1129010843068147,0.0059260166495563506,0.23651585698885358,0.28265949881115165,-0.26896836462879542,-0.073305553506140611,-0.40936986769995221,0.098950791759017442,-0.013732925447676719,0.16635289175966994,-0.64860517734769618
0.30382571717775469,-0.074655670848311331,0.23180852739770219,0.29269740176698472,-0.24434701952522567,0.50618962108843268,0.22634753013972106,-0.43943049483649355,0.25173675876968188,0.01381933540558865,0.11800878448654552,-0.32087010458262255,-0.14831612318724807
0.015547053121743469,0.088421651087782965,-0.10177760379868511,0.0056182377982277711,-0.21984242335350498,0.64633254562880194,-0.086133481247541721,0.078196953982862014,-0.092339181172095872,-0.6434990697083659,-0.20437627705528297,0.10538729687188395,-0.16262147034819011
-0.12786542423518801,0.22473341935073338,-0.094849874465251643,-0.042540895423004314,0.26190383698667985,0.15536390759732643,0.058404541647429246,-0.11367279076513123,0.55433798109660481,-0.52943598401450953,0.11697758453795966,-0.41169530530066717,0.20616765371504253
-0.24667396436486583,-0.33260363223461453,0.22195295829649542,0.22493123396758341,0.57257013736468931,0.21495692688441315,0.38814402203524445,0.27016304972224442,0.11953949134985879,-0.14581992975462651,-0.23429860438868916,0.09038844425266794,-0.17989901818813228
-0.078771355773788743,0.12875257776481772,-0.1931747878036274,0.17937120604992843,0.046790940267957097,-0.0011637439570657882,-0.40949589287383387,-0.35798444870444712,0.063467221676336852,-0.43303770933708186,0.54194480303686299,0.33050529037218412,-0.12332541669048921
-0.054564268848274047,-0.028570583908997017,-0.27885285382503278,-0.052810446737182881,0.33280767959806706,0.26024807139873324,-0.11585512011544487,0.20795161850813865,0.023268103131232204,0.35180456627877088,0.26709367561229524,0.67477962260312885,0.17183678900471605
-0.27038741421120605,0.36926555449143983,-0.19877216759285063,0.32129645994526035,0.20462082509916332,-0.039107149426385962,0.13737223795809278,0.42943558018025307,0.19945436275718467,0.26064689241180433,-0.16996229068517915,-0.14876537204274587,0.49231041499416811
0.22910535980634475,0.28523057827942389,0.18114876434864083,-0.50085871990139685,0.39392956760139014,-0.22608668301057147,-0.3529842042481649,0.075212849901950096,0.275935256868509,0.11177479097768174,0.084274559403238886,0.03898117359001365,0.38558241966329571
-0.55573935306411659,-0.43592804548740643,0.067701480347472934,-0.17052695654078837,-0.0017993741396322822,-0.14290080908718619,-0.14088871430935429,0.090806660256566141,0.16104574840841732,0.4826722648215222,-0.35890837439127199,0.17661067534755634,0.0048392923111085454
0.011370892630884252,-0.44455958255396688,0.061217499519138352,0.033063981033814471,-0.48619720023265328,-0.048187132940191682,-0.054564959478384752,-0.12875832680953819,-0.61440989261993906,0.25143722671447122,0.060083933837499222,0.30681414704608462,0.025801499766262934
0.35663090877566289,-0.056498829950872395,0.11428258401738438,0.1176108858303007,0.27771141619574824,-0.082031247166859014,0.11190040614788166,0.49530718753111125,0.19135811414360004,0.10422597529655683,0.23263250123746299,-0.62049960337330146,-0.12002983103284767
0.13012720280897916,0.64136665118052627,-0.11293416257265622,-0.13360825189665176,0.073467743525188117,-0.54210559813005088,0.39099511291483618,-0.14769033947007404,-0.0056373706933920886,0.0030941469552929206,-0.021910391225595665,-0.2579480237393888,-0.0092862449136975472
0.13874863414439412,-0.14705662956208643,-0.25471981215777456,0.6564052792861832,0.2999271494714747,0.42913649841606777,-0.095854584749533359,0.074397171857896155,-0.31360891836594856,-0.066946533339721961,0.2233432666506846,-0.10972685830352313,0.098899093966358112
0.084875782397790409,-0.089409764493294838,0.21284830551460596,0.64254088014208666,0.024394529717015466,-0.44924473892798233,0.27155542331376337,0.042529459130894849,-0.34774229238760623,0.1421855937587494,-0.27546829382368998,-0.17401805625600619,0.036949568454479657
-0.0007600684349290957,0.11134303730209953,-0.17637802932727595,0.16817487236714168,-0.39082542525281005,-0.57086285055553654,0.13143664974715563,0.092144726494151646,0.19491533323633201,0.20830604264546471,-0.085551126677958264,0.55118247752876848,0.17694770240244651
-0.41730560541708051,0.21729475623924185,-0.40076004649563129,-0.071132576232039918,-0.61057071365612736,0.3151969108894937,-0.024736143846466389,0.12086311842668467,0.057966827962296671,0.29116465557148835,0.045563011806834981,0.10017233094357969,-0.15924072777754814
0.1379571629002431,-0.23443540846585334,0.57015037983565831,0.13207437030879479,-0.050759398628885496,0.030805700866542548,0.07321009870831216,0.2248606022445053,-0.28035707654541464,-0.40852672427069098,0.44399998622567988,0.06693737772287113,-0.27737064313985355
-0.19768464043337053,0.033043047695117199,-0.0083975839431657349,-0.20608447056048831,-0.077388185676944707,0.37456450945502529,-0.40291474853061676,0.41168681898307696,-0.077901431549712255,-0.14136381343663079,0.52897363222653648,-0.18651849086882463,0.31387762769295979
-0.026799176923442195,0.080202543784307079,0.24488974323438967,-0.25894699909069674,-0.31220061911424424,-0.024724490330186512,-0.61792947882427141,0.27007682025795093,0.0170052184504156,-0.058644005240268603,-0.068727125357434554,0.51213341469062723,-0.20550818903741561
-0.11835063917418807,-0.43629638088479111,0.17495528730483992,-0.27746909206233539,-0.42244077096290095,0.13303701502956,-0.01392033741851305,0.269740577952302,0.51561851338531051,-0.22501717955890482,0.034444537101772039,-0.22308591526126259,-0.22689734007707851
0.16252275140702094,-0.16848896295930924,0.3786009617966557,-0.58510579757425196,0.092269624711197581,0.028670856200013289,0.50454029343584583,-0.17131033666573506,-0.013208816375275321,-0.10719931794668398,0.12400675613505677,-0.32165783542418197,0.18910022729761708
0.23178453034837951,0.29196802308828318,-0.040335976931449392,0.0062111861195735876,0.26197899912226341,-0.24254911126563491,-0.14907657333592353,0.30760946401577116,-0.075585111570676503,0.57886563487868381,-0.3593665488673729,0.1536201250657393,-0.34858653027025965
-0.28143903912663165,-0.43017180571762931,0.085226952260316818,-0.44644144942655112,0.33155042968011389,-0.020627961079961347,-0.32862940901150561,-0.089541280485858993,-0.072913965214024379,-0.52683515858181729,-0.085331965373078481,0.076753821617557783,0.082220009713416267
0.015950461556351023,0.20833954458787882,0.33372501509857921,0.25838532798504832,0.10597386412308905,-0.13374057268042663,-0.039504589616709163,-0.35954295938473363,-0.13788230970465506,0.026827732222327871,0.49936324549435712,-0.3033992487486723,0.50706023998829053
-0.151805090046607,-0.033591508087470079,0.12707322997579004,0.065097162787021531,-0.31396694858643887,0.21867675318838659,-0.33177357491004289,-0.26362022079470671,0.56483893760124726,0.10457319568010813,0.068289687437349478,0.20901741949944147,0.50114583115203604
-0.61294838063038615,0.10268502876393042,0.23155062469198551,0.27777075372005344,-0.062643858666557459,0.12578553709273546,0.066326452755772439,0.10610684032889126,-0.30156280496923632,-0.24857796237161894,0.053781674368758241,0.43242306490457272,0.32397587191901167
0.62191838241230579,-0.39587243433009356,-0.080095924771539678,-0.11344049407552678,0.091392601404035378,0.25664769432241202,-0.05999997974897997,0.037888108265860414,0.26698636781997515,-0.32743077636693324,0.27891608015140723,0.1710134985453845,0.26912795324557826
-0.10542027452224279,0.095233919377259099,0.3422692093971153,0.021724985897674711,0.44180916525827396,-0.046924494010074258,-0.021956395589538099,-0.37918542794093135,0.19610250432367354,0.30710777130209188,-0.38911495013522113,-0.48494778014061363,-0.034348094759029973
-0.20933611012616482,-0.2733532307031406,0.29346390157836333,0.45245899010796453,-0.11883882484626473,-0.055768350108395578,-0.31270509616379782,-0.31112938365713472,0.21126035433101253,-0.29356582589399488,-0.37735260891172084,0.093128937678061505,-0.31131597672708722
-0.028666768065728408,-0.39309826622914634,0.13215338404747376,0.36799744236557203,0.19135668417390661,-0.4006491517090634,-0.48799858416616854,0.30035115371331894,0.10882712003118951,-0.013131535857015193,0.2247840862191075,0.1505435004436784,0.2847240202963745
-0.068898871684096585,0.2162259563899504,-0.41268451031079056,0.41069767573482469,0.042532806147297542,0.10423396590686523,0.18711960003475775,0.042749943569573977,0.15071039657258634,-0.053183000840901322,-0.36298228456304088,-0.37910519890169292,-0.50890489068710365
0.28304183284567563,0.39254180275887629,-0.60530407069189318,-0.1223466014162948,-0.035565914167744364,-0.085409744805851631,-0.17957546379695455,0.46542572835371654,0.20372940545803034,-0.23801170094711685,0.096751159215519272,0.11574835022272621,-0.078068064387167443
0.11098121129158069,-0.039779139069775683,-0.3338050831413607,-0.40702876028540963,-0.14565382984183045,-0.21157784062128443,-0.21658464619520351,-0.58294029432567995,0.074083519204236489,0.29050266526062851,-0.11421834485903171,0.24176235037486943,-0.30808927017462229
0.52770460406715902,0.27510545714138285,0.19174722004041464,0.18521558693500476,-0.14990578237949434,0.024089598210113118,-0.11101626389014714,0.4251790725353683,-0.33742188950140672,0.10322185845506804,0.066010686347756933,0.2192251549336304,0.42625550848306809
0.22080564650299225,0.55046733058320141,0.2262433090256365,-0.12142095448749433,-0.35722680145777169,0.19446500890919236,-0.10813947530698709,0.18162745265282756,0.35665865617358622,0.053445465594928271,-0.41992684165564459,-0.2559340833580005,0.016987469954544091
0.14955536403464581,-0.11013573665703189,-0.088965002708457822,0.39783693108900847,-0.18933513860401396,0.41728922801722107,0.11461581568527385,0.018396637361878201,0.033793213283883822,0.30896844680404217,-0.59974922310009737,0.32313727954064148,0.12304749786467556
-0.30365530031990756,0.27263614437643191,-0.032796103414165757,0.054259469029625092,-0.063403785380315839,-0.42076410862425301,-0.38607402878036379,0.016999922554270044,0.56757470218649264,0.17255294449508868,0.14502235474612532,-0.17470951100157492,-0.30914111824481033
-0.55319556576142248,0.03536869746804365,-0.24451533300320041,-0.41251446222721616,0.0084352478909540153,-0.28426861293845762,0.16587867468521897,-0.18771071634382339,0.1344719849798888,0.03193388792699986,0.43482144208720036,0.092556115002353806,0.31999708955048156
-0.30785746517234769,0.45347518119420277,0.2455890920937181,-0.35972676831407596,0.087714876094820052,0.04867397203585249,0.30204463522553027,0.54476009594240282,0.09871810666656651,0.023224219266946254,0.17238654199617537,0.16140782156763442,-0.21390390055036584
-0.30324388966095139,-0.44121446353226085,-0.62755695383083332,0.24323176154772605,-0.050152761282923779,0.052983577304267775,0.042925236822729612,0.055705076412937281,0.31089475489369756,-0.29491534515457007,-0.083180928230818935,0.20274683089190801,0.13586528738927281
0.059169070857621263,-0.2067797405186648,-0.31692361983873324,-0.22982179011419021,-0.50044688985903929,0.038662631431893038,-0.13384794583872264,-0.40436517167210645,-0.11159684441651734,-0.33347728287019024,0.1044771237575844,-0.39051299859605115,0.28290872256096117
-0.22289002561076071,0.094072223379109823,0.51921379018251379,0.43586476108271094,-0.1050725654305894,0.27579063203288334,-0.29644194288453574,0.23569631996924648,-0.018239757679997446,0.46886897698205166,0.080264086005834179,-0.11243341766415432,-0.11010768676383981
-0.4196333659455066,0.008304071771707864,0.07509306601252716,0.077568588624657112,-0.39202187320745813,-0.077354114009464195,0.53625690614740362,-0.24567132699964722,0.24624639470165585,-0.08280384880372485,-0.39572443392923495,-0.18792043659188973,0.21257155352321222
0.13589756659586399,-0.36232641607836069,-0.001176482993589929,0.17990668793569045,-0.053386089932760387,-0.55424518219047092,0.29292432563702397,-0.33770788963728177,0.35285781937630906,-0.23592842565873132,0.32195006386770447,-0.12186769548136356,-0.096540673919916664
-0.070113554444477519,-0.18522102406083188,0.22875757026072843,-0.21276119731855136,-0.18943319223838173,0.25954954487739662,0.42808602921797695,-0.25709297760952637,0.17404333814202175,-0.089729908563472946,0.056450001812248518,0.64814275861020743,-0.22126089191650722
-0.16705591696330188,0.24274136840483973,-0.2158757460571831,0.24181049265341581,-0.037403303557226583,-0.34958757523093315,-0.041752436957469698,0.28312550597005065,-0.41962497507302837,0.25861505937504164,0.57656510332244149,0.018952330835026947,-0.16378986760495037
-0.23039888543411635,0.080213063185593972,0.45365754966730298,-0.062814041275379651,0.33143562598657961,-0.56578131945424803,-0.046797146116866445,-0.27183278351836415,-0.1604324500419827,0.069375020423146264,0.10051682322485637,0.37551241251814155,-0.20742628340084177
0.089679513035220801,-0.1320154058501781,-0.057091562512386979,-0.067373598434592022,0.15726107489857147,-0.52778105008279252,-0.0049611883008403319,0.28411143000006728,0.36800161214360866,-0.25147151071884111,-0.59951208681334367,-0.15047744875618951,0.044516925658509295
0.27449422557022385,-0.72952884304513699,-0.20841943360805421,-0.03966009523974702,0.13283251323346928,0.048269135311223066,0.06306925372542789,-0.16190499589765986,-0.1343177130122232,0.10003637069076207,-0.32644419287748283,-0.32926427698614874,-0.23288271881727618
0.25536726322375214,0.33365194394492587,0.31159613267280273,0.43183671750018804,0.26200022626240377,-0.016799095796467146,0.14689215386194562,0.063821028297430291,0.52583414468713219,0.0087277263594999731,0.25632445520682401,0.32089463709333882,-0.0076660693012497337
