-0.43758108267071427,-0.25096402364550219,-0.14631601162469207,0.39875057228534844,0.30275216019129231,0.13761659736257542,0.26436863263834492,0.0079614005814485772,-0.37129046353405637,0.24491717523258877,0.025013372933164971,-0.3019253823081896,0.14261952389876742,0.11811261354097903,0.043003072872689875,0.20257851809616809,-0.13332002808464924
0.049432062240270483,-0.36159460689878486,-0.20092933813922384,-0.22566179393541011,0.3883304045484583,0.3142959308724082,0.26989704337215009,0.11687152591856215,0.001903203853645328,-0.26278437268705346,0.034418279039962918,0.24512235421374412,-0.34190818981244075,0.13969811160057671,0.30346990373521326,0.27258488751030635,-0.079259404914735737
-0.00042899654528552909,0.079603076068743478,-0.33678314452705599,-0.30488362184037332,-0.18749050746891432,0.12512757146597961,0.20556139326878653,0.17733046060990476,0.29362349919033282,0.24838131471980038,-0.33657067378745587,0.24441865956281286,0.28663111183900786,-0.33060119882948841,0.30216554625315339,0.2232639446287798,-0.096132144018042001
-0.073483893591264338,0.14866219168776276,0.054417403345866332,-0.47240333549868746,-0.33281268813278259,-0.3469620056291623,0.087803356633095131,0.13343843167896779,0.13003694676495384,0.22993168617669946,0.25369793804800106,-0.31622304143337682,0.26175254665577075,0.021142834212183249,-0.35719120960106304,0.219219865845038,-0.10473382117930792
-0.087955514837908588,0.068796173477647451,-0.0035280151347662995,0.042700927798141101,-0.48769756052104568,-0.44749240388177769,-0.36494267603878344,0.0048022283050944492,0.10549556742149696,0.18593498835447284,0.090801560771405013,0.18190685287193478,-0.4023341540407786,-0.0050076389817393608,-0.020398610193211285,-0.35310658886964746,-0.20088838189550795
0.45291706369915447,0.082730764149463093,0.14389819078612592,0.01555910719665644,0.11523318692627633,-0.41479463145395529,-0.32268151945660806,-0.31286657500545584,0.12491816605836381,0.22836592551439067,0.08433364802580931,0.20448086112107799,0.32107990306773176,-0.34283382566687992,0.060835489112015105,0.17418448339263837,-0.091554303400808515
-0.3253714533990818,0.3731154429864933,0.12703485988287722,0.0170729496411294,0.09503406126572822,-0.024247724986891987,-0.38507944018916523,-0.35361001864006092,-0.31344291777159355,0.21714648260737573,0.084196615562357094,0.18778295282602026,0.076454014132561879,0.31815995509678391,-0.35701341008278115,0.15904720380628723,-0.089259007391320491
0.012476898659633057,-0.30959856279790465,0.2812502472027773,0.11681751150313427,0.21446213076404586,0.084345695232998757,-0.015385311756520446,-0.38863028203557359,-0.3465483330007329,-0.25544725394687812,0.32601483341582999,0.26393612102015723,0.25520124812155492,0.096345386696649743,0.22991277560851925,-0.32230498462795804,-0.12007966636087619
0.26978358127971064,0.35962969451387705,-0.24385397873492212,0.3094870121798422,0.24067779493968755,0.077835720144277809,0.084992868851119452,-0.026731610218077205,-0.38140590612364106,-0.27904792673389095,-0.31153375922513615,0.28761870700696085,0.29024932987461116,0.058474348684429203,0.12096676807729566,0.23247029562448493,-0.10610573369888063
-0.43625717679522874,0.25754410482824791,0.12285212595652586,-0.42303136410764008,0.1981342477518746,0.19042022943194192,0.039884456514062076,0.022955098789512123,-0.068461017572777449,-0.3609841123246349,-0.37774683249607749,-0.30937105484623473,0.14374866004946768,0.04304585564421478,0.03770060038505911,0.20144210108809163,-0.18371538291976522
-0.10141099005293758,-0.44714205859142442,0.17301024362463158,-0.045376138313041624,-0.32502805206389884,0.011138575600880551,0.12121328037142229,0.22163332717747836,0.19524561736492019,0.16544001317197449,-0.41902214012364492,-0.33355341922073467,-0.34226412411815754,0.11579440484140516,0.037671005050055967,0.20988723849666444,-0.24464962672450968
0.072800672689169538,0.054720906684132216,-0.34041832854534743,0.030032290108870392,0.21695615866484522,-0.38956062621496584,0.045401188419809016,0.25750503405685587,0.089254021399282554,0.20115348912743919,0.20777309051735404,-0.34965213771918074,-0.36597246528478128,-0.34199072477757675,0.28126794868654786,0.21365341670488927,-0.13495672316482851
-0.029252077466050751,0.010741434704218671,0.069920059844814919,-0.40637910584311987,0.1462898444574689,0.23780929851420232,-0.38010235657713631,0.020298242039077544,0.27837027671265868,0.1264460933511577,-0.010683524093191937,0.11046491846173767,-0.39368456761236692,-0.38038258019476046,-0.35113702936021624,0.22374463571977704,-0.16528690535420365
-0.058710875385564645,0.043883933569152205,0.079165644432985224,-0.027119783845547078,-0.39133678644422065,0.21633422953255169,0.21030871958528119,-0.46226535194132501,-0.015282124215607816,0.16497039537051666,-0.0023580845802340959,0.18225017883107034,0.18215479459197478,-0.42109409949467497,-0.39618668104764487,-0.28612294917452763,-0.140571185164764
0.3756694750321401,0.22072241596874562,0.11331884020896235,0.15077572348617693,0.043831616989746656,-0.35392766277656679,0.19479923477969185,0.14682759873507478,-0.34038341815293049,0.080369273815398226,0.17682597870175118,0.10096278794322494,0.11808411783276471,0.12488238674923441,-0.43219886817827391,-0.4295703742963119,0.15245148467319505
0.0051345837746334397,0.51531089834347865,0.30906708754030199,0.063161526789921596,0.24179944533531242,0.042186365525136389,-0.29972723133146895,0.26443988852709965,0.28453442538769275,-0.31927274494724039,0.15593536065378039,0.24251581923238155,0.093380749456290615,0.014427510233920759,0.054105029719277949,-0.29822681100576653,-0.21928418853873702
-0.039361605181509385,-0.0041795729753547253,0.42785178816047525,0.24008874686025009,0.29488956788875342,0.38252695747167276,0.11373980251782256,-0.32236314512342285,0.36654123429559909,0.19472558757243341,-0.3268669769671575,0.20613215265162146,0.096218683033687774,0.078734611407719438,0.076679589712481136,0.21098106066415798,-0.14191197424780161
-0.49372420856659754,-0.26800129017288132,0.26004642857102278,-0.25535411856086104,0.25548347483314748,-0.28540570897645529,-0.24267936056917086,0.18681337403365544,0.15376069259175024,0.25963281060540194,0.10972437056331277,0.20303840794116412,0.11685914874379148,0.078266452466957181,0.33991269298679755,0.13471313983225652,-0.11521963123229521
-0.0009657565838879146,-0.51917479580714443,-0.32438783217846551,0.12480978069514688,-0.26461322928287462,0.26723485414216508,-0.34802234801114101,-0.29091707375603965,0.07550307989116764,0.30873244508342162,0.1437288629436636,0.24449501318023975,0.044620263493418126,0.12057319814286485,0.055684533885712366,0.22564826033094068,-0.10230210569661755
0.014011565058310993,0.017837401307670423,-0.076054853678098625,-0.074487774722702113,0.047112307112824214,-0.039065878615238532,0.081808955453569893,-0.084485325779569201,-0.018077268238590863,0.054914479967926727,0.072744534357295526,0.088969366290540239,0.029728410236496507,0.043760861583718391,0.0095928320933401454,0.072067992399503941,-0.97259561663529437
0.17453101879561286,0.10059193355746272,0.041707851902536293,-0.50039658353098859,-0.34032011895357955,0.06225769815945531,-0.38069995407739959,0.12693006260276099,-0.35716435994063506,-0.23504304513330018,0.16412515863572658,0.26916967908394746,0.056643761395811176,0.057976492297181798,0.27536305827879065,0.2161091267937075,-0.1234813575602626
-0.17868063689730126,-0.11342808899482631,0.073747099011811562,-0.022792180206822731,-0.4074266078551223,-0.39236292348341512,0.10672118482733886,-0.36151815543682847,0.11615535148290367,-0.28389048544032602,-0.30245523950749442,0.26598889462528191,0.31290445863981003,0.29299166552433581,0.06016443561559115,0.17959676402106164,-0.10618887599548323
-0.05438463903901844,-0.015106473846390776,0.068262282152183482,0.017185129998918192,0.0047077445761238143,-0.058314040908388848,-0.083285824558945939,0.012726339134263303,-0.035443925474303382,0.02944358784685025,-0.091889526917208586,-0.027494266146184609,-0.0029567096983216818,-0.019139566338383849,0.018000230356621006,0.8979698933277237,0.40369052481631496
0.067136574597891907,-0.042295382841224513,0.15139773153881961,0.0085062820040493446,0.12509285501871753,-0.11159745297092601,-0.44920030529356947,-0.39279953099646808,0.22410178145113241,-0.2995530201437045,0.10200094838758718,-0.29928740023687661,-0.32543232812462236,0.29736534591210856,0.27540625490949888,0.21093500899251236,-0.17869039465075282
-0.1891020848133364,-0.07510314833973035,0.011890343853290854,-0.073198879533344627,0.027760356624743347,-0.097386730285637949,-0.067671095253717312,-0.44009666351432997,-0.41397594276641952,0.14124990673567206,-0.39038693362908389,0.14196451765369247,-0.3402091444689751,-0.3332978538387949,0.34850045721185563,0.13008974242867991,-0.12446713904819381
0.11326633573814802,-0.041615627477967973,0.038133761269259325,0.060720118563652843,0.034989166707457067,-0.095440343773728523,-0.13252644384472753,-0.15481294284665051,-0.4917807183640136,-0.37610759761155188,0.19863130888487285,-0.35056158424170258,-0.020262203591289156,-0.39030882327883953,-0.3726104027913435,0.23732186256593316,-0.18673408713659356
0.0033477745266840115,-0.072663617551232629,0.09728904334085188,0.11055291275594183,0.072877926207860974,0.11362506504086498,-0.012479612169611192,-0.15579736292079144,-0.10784969415562787,-0.42446349081654955,-0.41132673476450748,0.18476162527842324,-0.42043446801008688,0.21109652237740681,-0.41660821773332768,-0.29914370481239566,-0.22553864576705068
0.47052087422841865,0.17154787262933785,0.18881134419682591,-0.044028246887680138,0.17152603065255778,0.17989480703341257,0.063110716246589815,0.12753676213202492,-0.070776932148673061,0.10965753400291002,-0.42740864096812775,-0.3329886916253792,-0.026659298009169718,-0.39474413032698968,0.043417421289761594,-0.30801738056974604,-0.25626963395208291
-0.018625713881525841,0.42294441589601711,0.24439255697630849,0.25042349919170137,0.12885426831508168,0.19295317583712659,0.17087884959654071,0.13457493747996097,0.14622255121637512,0.038741216848039557,0.11074959205493674,-0.47513549482198558,-0.3784334410535759,0.16974379741765003,-0.36880249721792002,0.15033982572880078,0.075125290383534396
-0.36659843696656647,-0.20488159340044115,0.24580962912855764,0.25545329381324283,0.13522395106259166,0.21785722858659445,0.1713478799677419,0.14602980153236297,0.14637425407032384,0.033235035928133795,0.1184302124777397,0.031956097595853009,-0.4216332615519594,-0.41043738326350471,0.14411945161220366,-0.41885806035206191,0.038670797285362081
0.35886989874244968,-0.21873170276334136,-0.21216757511863849,0.36563327696581227,0.23881916528365618,0.26489095594712353,0.2317989012990519,0.19472160446293524,0.19417807825492128,0.098750809621749855,0.14949100212583916,0.085842317250899983,0.12890927608458566,-0.39031476419396327,-0.35450865676521076,0.17970319681827238,0.14734606811510773
-0.35023795710892341,0.10464031949103374,-0.23393149667835217,-0.22235152931279301,0.36440227849489687,0.13738902615210358,0.35280598648590356,0.13245204094792709,0.28759667846877179,0.21036216430039353,0.03047830546887054,0.20994376552633209,0.07229737491688018,0.22078716046344343,-0.39370441574479415,-0.28586875188600802,-0.076628092302826994
0.43618386360427608,-0.25966666624996571,0.32553311800486256,-0.28877256215909769,-0.15387189948534286,0.16538466942748328,0.16294089272970524,0.18925853271502252,0.33758043512196662,0.27365445068281641,0.29447814307478065,0.25366457896356087,-0.0023435004345944608,0.091637265083787139,0.07382866279679022,-0.26096042612602988,-0.13301871751136859
-0.025262414437036713,0.29555278263495016,-0.07392413966267046,0.44661768260318802,-0.14137715909132659,-0.18494723316048359,0.21037549724025142,0.168153812882536,0.25165141690955467,0.34046820248069926,0.3426442510078776,0.28659157297023308,0.15502396376993907,0.3029107204680338,0.13745280846615526,0.24914951384200645,-0.069345236049030659
-0.37501046552815398,0.21395652262467316,-0.35828356338322243,0.26851897922595852,0.13016797771131064,0.18493000289603204,-0.35831248558370105,0.22592261028786059,0.18031717403485722,0.0907659522466331,-0.37291603647554644,0.086986816574679757,-0.32858772871216246,0.19756493557904473,0.1915549645039889,0.071234162670484921,0.079958140129153102
0.0059027427466440824,-0.43165009214381811,0.10401272962295366,-0.3370388348685186,0.14405914761510855,0.17520044070271579,0.12632252268906932,-0.34766623555806198,0.16372294513436575,0.10277443522960518,0.13645852256090804,-0.45248422276014227,0.17694911665496729,-0.36191036692179168,0.20583841058323071,0.102829183975293,0.15807600855919704
-0.012429256013121771,0.11633404803039332,-0.42610734087290969,-0.036334743615730941,-0.31320402426360355,0.098341178001693522,0.24810696430396176,0.20124765119433669,-0.4068145270274573,0.21075413896163062,-0.012040170883874055,0.19240371866061837,-0.39057588183446534,0.016694641277665487,-0.34517728151050275,0.25732279381876028,-0.091261507790335802
0.011267539818330122,-0.10563531964334265,-0.012964428084927314,-0.5235646503360516,0.11384652198147183,-0.43499051516633791,0.2211388359280845,0.020978934431625618,0.037935961537324696,-0.38203269616231617,0.00066964098268891981,0.18360856825755364,-0.032989682992761109,-0.39819686711420393,-0.0032907102034568933,-0.32685956230150154,-0.123726245151119
0.36760791676401522,0.20960036409130156,0.096584140365451016,0.13959917022865334,-0.4494176130691967,0.18933818573503389,-0.32254780170192116,0.20321032534067682,0.19731047858522774,0.091059323579418719,-0.35370798391184449,0.12200818161004064,0.17800087496638575,0.17018114827701403,-0.37867861474348768,0.11963292092275175,0.058180742528931469
-0.25771666086308886,0.36032818040760833,0.19647625742060942,0.068705564395303245,0.15057203548877579,-0.38480341426763276,0.25650788007586012,-0.39349573168984564,0.11695703097819798,0.18514461675293739,0.023714132425777617,-0.32092868546682324,0.11033996956324152,0.024605476846209739,0.23139408485772822,-0.36543051955372935,-0.1329040216243938
0.27111833954599013,-0.15223808041484488,0.34616245143012625,0.39427979716380801,0.19023349484574453,0.036189144299812522,-0.31915637518400652,0.32082520268332443,-0.32701511389179877,0.20653279901559829,0.057691918299651042,0.19061985917104265,-0.33586830391255279,0.065360123918310267,0.043629578830928412,0.18774712595047036,-0.20555878873039732
-0.45114374919594091,0.12799389512058024,-0.31091478229823094,0.14937131769590609,0.22867767856214716,0.0012316983443190594,-0.0021463797999022398,-0.36904121783979049,0.25854175185814804,-0.2911824354711835,0.27783590343345715,0.20578371687928249,0.10827008956580825,-0.34842682529530106,0.0714188875878113,0.2390084583947544,-0.078076383680362765
0.15429378791206996,-0.42917797709558669,0.13851877573531401,-0.35666387968337193,0.18843844867405152,0.030859400885527993,0.062958513114054399,0.032998040492974771,-0.36060583050430733,0.18884915294763963,-0.34772931061100076,0.20111998533738989,0.32453025302479604,0.036264376216729212,-0.36123987332227975,0.173727901311518,-0.098554607546734993
-0.17659359692581786,0.06385372356180169,-0.34894351562720344,0.19735530129605919,-0.40466897940542007,0.12786549092266308,0.17514242189927445,0.16081705915468397,0.2933188429304644,-0.40397683330940826,-0.010403684466884706,-0.31583623173858227,0.13084384686407308,0.020902897246589922,0.01701685681545716,-0.37474049085928873,-0.24497369381105999
0.25100625589455461,0.37698536285320067,0.14806113384898983,-0.35455161818999803,0.18257773212346926,-0.35323980196230031,0.1124085289152322,0.081398135656749027,0.083992302145970532,0.18531574532785283,-0.35040652895851043,0.20129448567175995,-0.31667879042153096,0.35236389660671985,0.064925782106905805,0.17494952017558468,-0.076846112771334088
-0.25456840738186343,0.24935244811557342,0.23720827510465378,0.2238358927844622,-0.33105649117438768,0.23752280957048513,-0.35340731784668528,0.02837651854060658,0.029719100278499888,0.22688181480563654,0.10904311125363181,-0.31508142953966656,0.13439569893414488,-0.34262720744544334,0.26830908286997879,0.20544510365574675,-0.24849992650714733
-0.04955645806241684,-0.34951969737913768,0.19278865469550077,0.058959253386797195,0.14618173085502201,-0.37134090736266251,0.3249307961152339,-0.37222556050483746,0.076032160274258437,0.18076298511841721,0.28650067284442021,0.13943014220724043,-0.36992297369781807,0.045111966870419587,-0.32801547664041947,0.20653008132297604,-0.047275277712133676
-0.13583727301299081,0.0072837130316292355,-0.39435016971079179,0.0043042391059401859,0.18719572074815835,0.063349931441036303,-0.36875301295299712,0.23850462769443878,-0.369024940946934,0.20960679235724747,0.11579111489771912,0.19911258273733581,0.21327836018720636,-0.40719492088285858,-0.027141610630850983,-0.34971464136229152,-0.16292860099309595
0.34685416668373797,0.18959699228327914,0.091885882399475746,-0.34735843299418373,0.13660527257396984,0.18350780710852602,0.14038380982330537,-0.36386594156442054,0.18347794896357544,-0.40881188690301773,0.19388715916470806,0.11908938564919722,0.16522060795187007,0.18050231273639283,-0.34326585879053972,0.16626565983530694,0.22865177764387304
-0.2572684979984709,0.16667574841029445,0.27264018542360308,0.038186024747796365,-0.26575348460206544,0.18612931922186027,0.17420384932261174,0.2622952725922808,-0.34128937106192125,0.23070355020570069,-0.31322829345011083,0.25836564407951756,0.12803134608431416,0.25643756771559906,0.21913630682150534,-0.35004928651713829,-0.19634570030990353
0.26232397797767748,-0.1572301776068476,0.39379788970926799,0.11537640586475874,0.29788877670663838,-0.30926251481442679,0.33913936990185561,0.26249430567836501,0.11686402617219603,-0.28972380278569376,0.055319571348654291,-0.25528072443169325,0.29907225068378213,0.13560410164881184,0.11435217519192126,0.23680727163951837,-0.16420760222949204
-0.38996524497381568,0.18899159565150989,0.050262774884117498,-0.33167074658619716,-0.38524717411595716,0.27912122963488234,0.19756180627805511,-0.27041131773600974,0.23139613992180252,0.11120206430679881,0.19428135446701456,0.055865825371893579,-0.32248274685450112,0.21910554062188575,0.23803569735397059,0.084185168115396045,0.19665618789769276
0.0037179864532370125,-0.42427538094039874,0.11048412041543557,0.14971715136633476,-0.43938178550456164,-0.30828332375353801,0.21554221939879523,0.21921992967871737,-0.32747937106409153,0.14364721803473038,0.18599598166454481,0.10691132264140936,0.17865686648847232,-0.36615275535252884,0.19565354275284366,0.081088621842326444,0.13416496179064896
0.089250688471011572,-0.14558868829281044,-0.38135138582240385,-0.0061825386122890732,0.19539472867347388,-0.41275920465099247,-0.33373551845453037,0.27522372142355095,0.11101784594562494,-0.27494594223449542,0.12943556754279853,0.2462427220783239,0.022311636913889755,0.25322152152131044,-0.36480052730399498,0.23322691904751724,-0.11086904384056616
0.019077617203922904,0.0019041373670187745,-0.029104082431570515,-0.44323436433093188,0.053951082582216418,0.11968005971952421,-0.41931576342460342,-0.33765749845562193,0.18302276573357498,0.10028369401598451,-0.35624991464911154,0.11865975518362427,0.16646093894451464,0.1515010747209258,0.1309688875654158,-0.47543892664468057,0.12981218800136601
0.44075948000968534,0.056678002353124105,0.2037599671386022,0.061925525924443316,-0.32468524889610301,0.10206499767510192,0.24311870670971922,-0.38209390907533503,-0.34785019313516541,0.25651994946663204,0.047366441107005941,-0.27699722812208799,0.064245083212874837,0.30128402464364301,0.12964334365404878,0.22019711933105551,-0.10128478043957106
-0.36777446137889019,0.200925877148455,0.019055696063244913,0.17290625176334934,-0.031159397766494613,-0.34499962644381943,0.15676678208313097,0.186754454565288,-0.35635987889052212,-0.4884737079248978,0.21031958969921932,0.025304920840319472,-0.3002824200401652,0.22274703298938572,0.2196794897471791,0.0049846477349535026,0.12696083077838607
0.016641895586577075,-0.41928044475537807,0.082564351889296284,0.14894066363262656,0.027369682786582954,0.11295772194797864,-0.41037051144106668,0.15695882327409266,0.12634051781818953,-0.47991034128422622,-0.3598934291541942,0.087524821001088521,0.18923925281820109,-0.36081937302419465,0.18557617528563194,0.066372161841651955,0.0085179170925442707
0.10283205310523098,0.058625101676807928,-0.47262628471031087,0.016347588961028326,0.12402152888301742,-0.10028417973676454,0.0236434669882063,-0.45155157930044704,0.18634732186589209,0.15467150285718473,-0.4228475017056379,-0.33801945086774621,0.014422340599911838,0.022241629563729624,-0.34990405022958082,0.21432187052958565,-0.10804887522325726
-0.084646548327482474,-0.12365059424408301,0.095990506700932052,-0.46607816171753852,0.18057873374756075,0.028219935408338618,-0.045022503855668652,0.035204546808691901,-0.42231257122760918,0.19854890413577325,0.20927153999256945,-0.33705453133264296,-0.39743858104437624,0.22456544641039361,-0.029809908921159162,-0.32720982307807439,-0.15139074701250768
0.32206239342364551,0.19630714140555991,0.20835070199552963,0.1852244075817501,-0.3417638005437042,0.0020383384270615161,0.25001144410357701,-0.047630441837827511,0.21208778156630079,-0.34124205905758098,0.0046579294041246763,0.21081592056179957,-0.38013165956858419,-0.33964052677300094,0.13920785378083012,0.28721777927558306,-0.1755537794632524
-0.31916984077369154,0.18884870922233035,0.17106847848540488,0.29769461780043455,0.08125598948361186,-0.39258777987753601,0.089736722063984475,0.25742817291765258,0.030466804097305528,0.092042098049574847,-0.38811726964990795,0.13117897591087438,0.050473962261680841,-0.37358572603018009,-0.3554664564876111,0.15244918047478706,-0.20143644449372941
-0.047102019081371516,-0.34281737764299902,0.2368437043404171,0.22768767349194885,0.15672604347887692,-0.033674792993661593,-0.35404104259753116,-0.014889122371069253,0.24462210778391941,0.16669529749980133,0.085291487305842933,-0.33407816860868772,0.21784553319954719,0.047099971310630789,-0.43631678274697905,-0.33013746058615395,-0.25594710087819644
0.33900523623251722,0.31687809067266476,-0.27188220838800997,0.15257144774849365,0.25165015529784929,0.24018703527804741,-0.0028571691740106879,-0.38979133407253946,0.03636913713038737,0.22832456981641036,0.25007113611928022,0.20850791840774821,-0.41207505503408981,0.014863839840991464,0.082106541485556531,-0.26845959159227445,-0.078726830094866945
-0.035149545126860512,0.34971166812845056,0.32348990212833778,-0.21908520412593208,0.30218135322668366,0.13847594238443792,0.38248972179672075,0.070962568543057908,-0.30202272083135301,0.22271354595659967,0.3340931476618792,0.18294829774004312,0.059703502545453535,-0.3379027597098318,0.077304914063552735,0.22256975293397671,-0.053249400259928976
-0.35939446821355991,-0.21287676698488125,0.3292334630615763,0.08014914579245136,-0.21882054329444312,0.33586939723317505,0.086104704597033496,0.26235466006144992,0.029339749304462183,-0.27808703479739438,0.29401928518737142,0.23414373739319169,0.11127445791348697,0.097806769585383507,-0.34904120818419154,0.27778102644343305,-0.18265209304059277
0.18882781267860635,-0.3979178404086588,-0.30053032975907179,0.33247525526144156,0.18789684273375884,-0.30875138836138333,0.18803002036924754,0.051886915843009716,0.13994820652926879,0.16309703723127605,-0.32005801104771958,0.19345191365141282,0.035001008555739246,0.11526271031595142,0.2420586860885082,-0.39416897228878467,-0.1481483190796461
0.28513328727249615,0.13155056478084345,-0.33157190401719289,-0.15973667626379295,0.23249410337911369,0.39325170278016891,-0.21924695287909204,0.24145500136188397,0.13564946094634195,0.1298999300006618,0.20323101072835903,-0.37200135257765915,0.30132519411626779,0.31994204214575689,0.13170598901468022,0.087019886439969552,-0.13351494677445061
0.56475537014130139,-0.30912598713549955,-0.34528435845318595,-0.13987231933301722,-0.27131076673750398,-0.025308465682195892,-0.096372537871453723,-0.005487522223784431,-0.035863645481295885,-0.22666410502926898,-0.042063355571951587,-0.23802237552276484,-0.32802344275844586,-0.0035044605088309592,0.0018851361518014483,-0.1570919071844836,0.34606247490314185
0.0016696442922114719,0.70902701881005503,-0.1822433657607942,-0.17069831560298945,-0.14994118282756691,-0.13164257089544415,-0.15361178164925066,-0.078539993846659814,-0.084463880716791812,-0.075245860786210608,-0.11005830080994912,-0.070940506415588134,-0.085711784565809371,-0.38384639596106007,-0.052653531008943592,-0.036900089613101948,0.42022619660294114
-0.0268809383783453,0.0077062630233522833,0.86907346649448503,-0.17982905401039298,-0.16007455346042132,-0.1426538840510127,-0.14448656174713365,-0.097070153935650771,-0.091338691720784126,-0.078905396879374423,-0.12307931547055655,-0.063426912409784736,-0.089290345478271985,-0.1019034138890146,-0.09827794724747195,-0.053406462782371815,0.26591293519429771
-0.001878243330185089,-0.0028797009565811166,0.062463179738601875,0.7930432170406867,-0.15034278255585667,-0.11657476024962238,-0.14603078426300853,-0.38979145532505122,-0.054214127240174347,-0.047513380902662446,-0.082857767977343483,-0.048026570458736775,-0.064169267660938598,-0.066816633821838597,-0.052303853756659288,-0.043975627445906953,0.36068494629024506
-0.024142322687456187,0.011450033417168866,0.08693015947148576,0.029261875942068513,0.85941849307871487,-0.1489893012419041,-0.15922833362641128,-0.090079536413808989,-0.093291517428903487,-0.068745301020028418,-0.12722453882486334,-0.066754845006537097,-0.094113828139580344,-0.1053453592243679,-0.094002646996495381,-0.049773848177289498,0.36230716875451741
0.0019841949687853175,-0.00099648906477909347,0.074107303775684197,0.011341850893677889,0.023321522439124581,0.79464184270445071,-0.16486515782345748,-0.074162381445105258,-0.40788890369573383,-0.024437267569615419,-0.08930624474682379,-0.03844997053062621,-0.070324224650395811,-0.073806116627990831,-0.056223087410942139,0.004209235215971583,0.37376232183225661
-0.01711398161606088,-0.010204677239854973,0.056675533302603658,0.011678599649848442,0.0092836867751648067,0.010062863207849125,0.76282001101228669,-0.084116671715939659,-0.090815427863599835,-0.077143587702432001,-0.42443436992365574,-0.047603397299764254,-0.062509333496926736,-0.05998353456471079,-0.028833599609724349,-0.015019767336361492,0.44936114070345284
-0.0047896749987549189,0.00093571071130073486,0.076705203759664137,-0.27245771055493506,0.075837415848080444,0.048469052061655422,0.0098077504788239688,0.87267383267236465,-0.045392037468986415,-0.039081102028896558,-0.084882828253702525,-0.039069291061577034,-0.062591292618972075,-0.074175448920230438,-0.067990246653511374,-0.018738459832799113,0.35126937525850516
-0.019415588397094966,-0.019725907713784289,0.053152569417182459,0.015713223182006648,0.00070306353820005459,-0.29911679185382634,0.0029442029033269626,0.04851065728960078,0.85283145306693131,-0.049251812482373383,-0.085661663456152198,-0.052940269195291767,-0.059546209678138132,-0.059708949405077108,-0.038638386737600276,-0.020505818609515006,0.39422883772088269
-0.023857567511480934,0.0068696399230052246,0.080635713775109447,0.02986962098190862,0.014625287411021178,-0.011582699769941359,-0.032813049199903827,0.021695172009034584,0.0026341082241961955,0.89639452482583071,-0.13277399314330721,-0.068957119216237359,-0.091213995684678043,-0.10507167680961098,-0.090813243159579352,-0.055221456242904504,0.36540836392349607
-0.010326194375469836,-0.013708539510322889,0.078934411730436624,0.021109696504992104,0.017933631014546241,-0.0059135623478381609,-0.36426616732272243,0.062785369712097458,0.031681494306088305,0.050875561629492611,0.80349143100076703,-0.040952500205073426,-0.07487828949685045,-0.071454208681872813,-0.053256376146186647,-0.0009268470736046036,0.43774829151720768
-0.044637075939815377,-0.0078915688935916519,0.072074960741059971,0.019180679793672321,0.013569867391618784,-0.007292854605632614,-0.044677100661274921,0.012001478903752149,-0.00080939915465059911,0.018760478838216899,-0.054169030006114914,0.88909211493014151,-0.097271628202320298,-0.096993638563803775,-0.071033325598389513,-0.014143854698423825,0.41487124438530215
-0.2286157991588196,0.12576748955692946,0.086452177827421026,0.11158219401994086,0.010888896323883778,0.090271039398586897,0.026204834194892713,0.077491382623302657,0.051691406458338938,-0.02570762767720635,0.024717051483622243,-0.034577551740978076,0.84147736880264523,-0.039246800078213982,-0.03469179184240391,-0.098900072964482999,0.41386605541033883
-0.60836564533709725,-0.36123257798397229,-0.20235827650902516,-0.16655890968453851,-0.15823034690221954,-0.1298530302111518,-0.16613885239180051,-0.07158351197341993,-0.10818826604884879,-0.081456068771207313,-0.12189894354607675,-0.10004676276906639,-0.082147187973950056,-0.10224829609885897,-0.36691157064499369,-0.074148410716610186,0.3944021968151783
-0.019288939012807892,-0.30199632614574834,0.16995823815601432,0.10028902631003882,0.072215707780208124,0.057036065437944296,-0.010269285322213899,0.072302059945909949,0.027772977307537902,0.041395130117272201,-0.018204136589825781,0.012567787855142844,-0.0057501925987849933,0.81469837805507717,-0.049587854377781751,-0.041862380179206037,0.42980115863451235
0.23690954750439966,0.13712207054291081,0.19422114219346867,0.10131762996018241,0.08591111131799932,0.049956317180333526,-0.019421996264556898,0.077407124907934,0.031124268351200607,0.050929219316395102,-0.019974701255477754,0.022431222397869134,-0.00041096066608653113,-0.0048530704912319511,0.82700339159448122,-0.045185211300995641,0.41276406354724898
