0.61347645293271758,0.28162048858956329,0.14237440595014045,-0.24085439750779813,0.29575023218707874,-0.28860170579198435,0.0035983485381514452,-0.17265309004897186,-0.18522855720080172,0.28386198148594399,-0.21953134415948139,0.081534758504167984,-0.16460086221879949,0.14542867359418105,-0.023815069409665778,-0.21664435480439259
-0.099388874992623957,0.7289094495817352,-0.38336966164893338,-0.26153091927954425,-0.18314743006111261,0.11257177244017753,0.043583487780632348,-0.10936342037786377,0.078635327468418545,0.0067393008644873534,-0.24502452270641992,0.00048166868622043582,-0.18201634396272487,0.098633822327568593,0.2700575833232543,0.036208052869610867
0.40478367097161461,-0.38805886516194954,0.15113220754599072,0.16382488682995824,-0.10639299685209401,-0.43579511324899611,-0.0056176447833264781,-0.14876906745101856,0.28516016470233785,-0.31535561911272192,-0.033619703580391166,-0.2781007152681213,-0.17688116520598432,0.24752286495024131,-0.2235741464783727,0.10346314665385296
-0.25771996159103139,-0.4124138463932579,-0.13303393314180051,0.04139806861131113,-0.049461335996877048,0.2101324208951082,-0.27823368021203687,0.023291151388728518,-0.020694643809846758,0.41922301447046945,0.39758028822926722,0.24370685023508415,0.3866027608998881,-0.26245522938609828,0.0081026868771626025,-0.086460871816554777
-0.064063892763536218,-0.43961959166870279,-0.18570597169958222,0.31131277250166156,0.29788724808916717,0.1514151304919194,-0.01565505098862657,0.32769115999764653,0.037463454281023337,-0.38744370247423615,0.26953014170104012,0.33058793824135668,-0.18685075309928817,0.14868442198557133,-0.00097868292988986024,0.24792320676872845
-0.054892895821198544,-0.11202697883749074,-0.42733397644182269,0.19398043878217278,0.094084480129728976,0.027240030458421147,-0.16202864931306857,-0.33872266686027708,-0.046202864438660687,0.082649069332391065,-0.019658346260341623,0.37022258855789192,-0.40905537412030002,0.051658313848693224,0.15210924179836027,-0.52351204390967387
0.1271919059199022,-0.21671468903195454,0.44824820491663592,0.18414743020325769,-0.17095892653637498,-0.0069461506450632883,-0.47281291144224208,-0.022185999481598391,-0.53211390166445638,-0.040137719118199702,0.15447791697863641,0.21308861602107146,-0.10260336163185073,0.25332651732913403,0.0058278344047581615,-0.14120410117105447
0.065612242244067073,0.3606772637367881,0.33348086790296322,0.10229275712822558,-0.1563052673425617,-0.27233641480992904,-0.14486335278423987,0.6435365478170032,0.098260202698893864,0.093662034581922599,-0.15870252237890825,-0.25154134457808586,-0.14646364233932688,0.25507262095370997,0.12066945243532484,0.047419076853080805
0.52212795507801268,0.34710881328662202,-0.080560595208641395,0.160271424265441,-0.047988912114343009,0.33721488934860139,0.16388320065336084,0.047722297071447359,-0.17876779239995941,-0.10857809489934724,0.026898176615099276,-0.49939821059719514,0.017674141354860142,0.014282587358845016,-0.25419328730115776,0.26564861588610172
-0.086601133028685454,0.12748467670102342,0.33720262788047228,-0.21424256785125503,0.11244704606961793,0.13663978199718987,-0.063860188956088901,0.025911556407142714,0.065058517276766106,0.52413847491837318,-0.13281623562950962,-0.11777580085478553,-0.17321859017589736,-0.51439682761543803,0.40449443566024956,0.10903459155411518
0.06543766528794373,0.34969232167824754,-0.12470638470208861,-0.1093609095468429,0.083601427543701201,0.22004217813458507,0.2474324515191135,-0.18049502767755918,0.085762892745966338,0.13473560179406774,0.092359801428921778,0.074252962321010224,0.12090973921669448,-0.55003814433913423,-0.3743285209313732,-0.44707595655253701
0.14248376444690664,-0.19668153217928283,-0.27225441361836999,-0.52482552671914173,-0.22871985298515499,-0.15302022241863192,-0.1208017324663074,-0.17613806555540235,-0.48563027016243121,-0.060123644219413706,-0.07166418291605102,-0.19566200069804654,-0.060118148835506882,0.2036250085213715,0.037208241184714677,0.37519600419732535
0.086644417483950839,-0.29476075576610083,0.3471702493138874,-0.32123278149211382,-0.099700769815573451,0.043468022375796597,-0.058091834016142749,0.16780878636860797,-0.14074365113257545,0.30938074149230305,-0.15161575061576696,-0.43439807903692812,0.23108376377200285,-0.036800504695761169,-0.44713067630580694,-0.23797673681999962
-0.095967115705866579,0.073972326301069535,-0.067811096460229772,-0.15064999734169068,0.07646516511474423,-0.067976349182228307,-0.040586508208985857,-0.061422735102270691,0.13696371288070447,0.12018873280067251,0.26193491413458642,0.095483207372056289,-0.14043014406918419,0.89843602890282503,-0.065536433073232078,0.0016244560086580099
-0.085733659556848391,0.16561278071707763,0.16358867689756409,0.19406648805842305,-0.12261642455050768,0.71626120087136691,-0.024216656840931529,0.1277002815243744,0.040178621437672264,0.24471228628808556,0.0027529401600247748,-0.12154138396779285,0.011618103995056354,0.25526635389430186,0.15183196896232751,-0.43727935661921014
-0.01858700183970324,0.24477794007974632,0.080391363863153917,0.043000790773269716,0.062431339674848763,-0.15255985694914356,-0.15004340342948203,-0.12943453322460832,0.24563137878902455,-0.031015180545584095,0.24116565034778648,-0.017149556494156316,-0.050716587685038395,0.027744821294989317,0.13446224759840733,0.85077270955426076
0.15811785187922592,-0.14499041649917804,-0.45575541839614314,0.20838234859097945,-0.28128628784549015,-0.10383416027543706,0.22458472363701215,0.44530305646818247,0.089662612661042335,0.1551221491629011,0.30217615908835571,-0.14914167915717541,-0.045439706619963598,0.12102378976252749,-0.24935425995007549,-0.37370936868502713
0.24326980960098801,-0.039280101694789175,-0.010956410822091953,0.16796498682832256,-0.2664848597444967,-0.12018841291028291,0.34067277036761817,-0.5498964931549909,-0.1927892130703415,0.28376097254447702,0.50485688205238055,0.11344722032747608,-0.044217272617770441,0.040621528632416568,-0.087431298687320247,0.10174894464549644
-0.22429279615327302,0.032895835358671591,0.30733727547584683,0.53577699517830712,-0.15445018749671108,0.042262701783180416,0.069178049316956466,0.095891064704904341,0.10655814752681977,0.012570086678518402,0.15521961912419868,0.013988749682054319,0.37936429734027649,0.24369383628716276,-0.50609026250833389,0.17956322024427659
-0.087565127895336409,-0.33295092761301609,-0.033571025182434391,0.45052681252882176,0.1636834383386451,-0.22499444762938073,-0.010026282547642869,0.1296492042065637,-0.3704667664580486,0.34849470054061582,0.072955005702744949,-0.46398937646550276,-0.085731500834450372,-0.043233470451950598,0.079811746691950347,0.29691530761854906
-0.22022985545676571,-0.40082494679999442,0.22571127442473968,-0.23391716306399299,0.41813790240445414,-0.15330348430658419,-0.10674898248304092,-0.36784701492679317,-0.039451643658311955,0.19725991226430328,0.030255252455830814,0.18973480856910185,-0.32871389658400524,-0.041495692746384316,-0.33585471806488404,0.20042860524961503
0.2364496081471498,0.044455187328601986,0.35348938113196865,0.10912558251458598,0.41590911222898014,0.017147163289437942,-0.11056470187699208,0.11928817045701678,0.22943192862821898,0.13807705351113314,0.66589691197241885,-0.22134745536544195,-0.10002644525450187,-0.036624342182168805,-0.093194839232838195,-0.14619836468518313
0.25195030700843873,-0.08480362926387347,0.034231657901594416,-0.13054014471917449,0.087835880831404367,-0.20980948869439028,-0.40521720474715772,-0.51761213611186896,-0.022480366203144253,-0.28752380426874907,0.18664430053029801,0.00207528126759551,0.14156770017819192,-0.48589320347645865,0.2222641859832771,-0.060890784255586812
0.42954111631544789,-0.19561832361560391,-0.11498435565065916,-0.046158019478144165,-0.50668283310594875,0.11606683786935332,0.25032923375863259,-0.19393820494992628,0.039351907254467092,0.056789466804503502,-0.39294022102890225,-0.15049429840172956,-0.00015174163221848353,-0.22292460444093543,0.29420716801029684,-0.27078174223094825
0.11157096986085115,-0.50662980433466542,-0.24573041542542798,-0.2334352593347771,0.19980189995077488,-0.2025825273783938,-0.19229373020654994,0.31841538078601106,0.28003188264848516,0.31638764215621312,-0.3466873754891352,0.036887963275595279,-0.03487085057194797,0.16849176949863726,0.25754863971029329,-0.025853078452442946
-0.18633954177605783,0.25796595382065757,0.29888720469314434,0.3231839767195297,-0.21869434484279801,-0.055256667658818141,0.07241780786702931,-0.33726723425999716,-0.14355379057144729,0.10541012199678515,-0.3396371875020342,-0.2405850124319488,-0.4817835606775594,-0.081374755690250891,-0.26686190572005242,-0.14201963610223034
-0.27196456723231771,0.41258128039120118,0.12347743290054104,-0.088034769915334862,0.27683471298200274,0.099659968998500548,-0.22939225561458715,-0.38146642569402622,-0.41999371986566708,0.243866646551262,0.1588917468822981,-0.2313967295368852,0.33621296228299358,0.10549964010759692,-0.075465968631823199,0.059891679763527141
0.42746744654056335,-0.095573375158907903,-0.17157146101651682,-0.40697368249189891,0.10178820939359416,0.5702168279759352,-0.055538641822732979,-0.19322551474049965,0.25524188673528098,0.10081897486735369,0.1932554851853629,0.25009498079079179,-0.16244859180369894,0.0098475904649708845,0.079740210574924766,0.17056132991906262
-0.0097680634798503613,0.38273934075302385,-0.20770579304217085,0.16086094233678999,0.13229355191134798,-0.49388688671493874,-0.042393468285606049,0.016303000937765055,-0.37399424972437212,-0.39677490322546466,0.3435900434695659,-0.077478835012981917,-0.29605825536669844,0.069534420283289336,-0.077949418212916358,-0.031427050869977213
-0.11023997454023042,-0.40354487463912608,-0.18589747856062341,0.17880713389867037,-0.14546151790768763,-0.27252910865221086,0.18934781586286212,-0.11148507070515216,-0.43450623901597907,-0.25311187274262748,-0.19510061350555138,0.21956999609196989,0.1891335959439325,-0.28286154231885019,-0.3768031523356789,-0.13362943011071002
0.5664738090828294,-0.22638485275291806,0.1465569380465942,-0.084100101010328956,-0.15033371740537571,-0.19643694744776716,0.051459772823672423,0.42427061501222185,-0.13789700817708059,0.087148280003872938,0.17800958903770059,0.21012863456606104,0.093208531058728963,-0.38044007084923798,0.001347884523118633,0.31557572166736991
-0.40766254112041395,-0.19399364280087023,-0.024553070729185542,-0.54143563590320121,0.134637122321212,0.33287175607143632,0.013480088418048663,-0.1829789902089814,-0.098546631062029419,-0.1922750147998657,-0.35098577242638201,0.10812642197969288,0.19706299100866012,-0.087884055515454543,0.18639216113383086,-0.27742676676229638
-0.17447681891906905,-0.15182546474818204,-0.48442664390768414,0.0609403838417545,-0.0094566304976493563,0.30303746479381227,0.21641746905636775,-0.29907717130737332,0.052866351219336201,0.41552234143051192,-0.32964258416267334,-0.13025762258185047,0.10123110647539559,0.19182028286477579,-0.33747669909380024,0.1337943453340216
-0.24809490701412404,-0.2665216049392295,0.2890486739324315,0.28646524605720475,-0.046436733476278622,-0.05560243360585046,-0.097134979441939939,-0.52315659169249629,0.23018030804328907,0.1823990969160447,-0.18280425556543567,-0.014652740917006616,0.19293667803991302,0.25608941641941096,0.43555494913912524,0.032073127718070936
-0.3108154937138804,-0.25377200763214663,0.26888449333532116,-0.26135521557125652,0.18921281587270289,-0.50359521018293074,0.014662306981963297,0.21633626128525568,-0.092736529554859615,-0.20613619682752315,0.25284194524273568,-0.030610295546820297,0.441774474602801,0.14926525608126745,0.13388140871347373,0.10312526963839931
-0.32122010874304074,0.06888657733097088,-0.011073249926733796,0.16440476166737869,0.63876836369760326,-0.092970093313405,0.18596312024689957,0.30069535224919902,-0.078094027420558348,0.07003384710100416,-0.23762150032420792,-0.047611812859170058,-0.0062815751358836804,0.18608986211757328,-0.25755508154664469,-0.39053105768148377
-0.061651042173900744,0.201850011695413,0.019791859479205424,-0.31986946693180229,-0.068637491835601749,-0.32418190163682509,0.64545978075513788,0.14651341370540172,0.089202633352866587,0.0070774648890808162,-0.055312214501570506,0.043820376377186887,-0.12152071590225422,0.064082487221812132,-0.44506999865056424,0.2736968917838325
0.027791862129350278,0.018580895813190806,0.067001365051208656,-0.022767926769756634,0.44137515714020253,0.21653814085915074,-0.38520447881496128,-0.11148112166421639,-0.040665949877293779,-0.25960647271892268,-0.19446363648619236,-0.39143270749362052,-0.43587074411278365,0.22134318962745106,0.29812625415606753,0.058508011203024977
0.045751510575659647,-0.097803559878910526,-0.48099028780290382,-0.032918142728813812,-0.0087968004602195973,-0.058314963042301028,-0.055277534943949741,0.059213173165945383,0.16712402891662007,-0.09211604937073764,-0.12945975078676819,-0.1764022421649154,-0.53349891401479188,-0.54030134045063694,-0.16209546314834938,0.24238651547936585
-0.26822640551662746,0.22698483203422459,-0.036284044795455307,-0.022874329162444026,-0.6086375179843454,-0.18671439463721309,0.027122481969000616,0.066007968356606203,-0.12367376200259844,-0.015214885699698311,0.22162259543549467,-0.37109861361601515,0.2386462992784919,-0.43345463585355248,0.012561100999019493,0.13018422884695699
0.35000402044479623,0.097679582807127047,-0.36810501518981781,0.47218391389836639,-0.18435690731930063,-0.21782166774886735,-0.084102078958239609,0.033652726686911251,-0.15532211634225346,0.027343663839213193,-0.25311002463842108,0.27558422916102421,0.20714719927907274,0.36073383645985763,0.16228453820805272,0.23579312567904318
-0.018487228767601512,0.039321029817538065,-0.4595072419686238,-0.13552626402015877,0.50546700486225682,-0.15588930192019448,0.33169066596140917,-0.082758389938741531,-0.23522275828104627,0.15617368902675191,0.066309172740706218,0.27400488298229608,0.14396938099713263,-0.24044642160325577,0.28055739468467938,0.23554643574657919
0.24646954868716073,0.23921841775233005,-0.0068421517367917252,-0.15199858948064107,-0.056730830160825786,-0.023517519364256119,0.24432807707301696,0.060788788402197716,0.36969004686242091,0.42628662121066579,0.11326461533678638,-0.10750065897632517,0.62915678719074797,0.14064872484039473,0.17293017587611043,0.058416827610721721
0.2588294907323857,0.2999060567458372,0.075299178494228597,0.35227776290649682,-0.45939786843764302,0.12016042272991967,-0.12390153880806547,0.016512184397415912,0.35236994557725837,-0.32261566412770176,0.23505014683932607,0.30060582950507253,-0.25011158864852323,-0.17598559320325632,0.00081191677319131944,-0.069279250264887182
0.095814689574987122,-0.046654344732775833,-0.14280038144931773,-0.0079093104946673827,-0.18276495041679244,-0.022338279475509634,-0.063328138616526142,0.14456059798529011,-0.066030494387066735,0.017551289986901253,0.46186131960883892,-0.056529940986711547,-0.096666923791062453,0.12026848995434102,0.81491352271241269,-0.017479293598225486
-0.034375549950744176,0.32254002842235951,0.15461388140077087,-0.0014042318844395938,0.38474580137709957,0.060018516078196658,-0.42983577296287329,0.14696691841428586,0.19316320495462849,-0.025328621679170507,-0.0088049109470520331,0.54313754830369654,0.22130623042626377,0.095860781502747572,0.33905824894851688,-0.082057831869312384
-0.22659220223885704,-0.18317528961082766,-0.14108263215387168,-0.073206618794467826,-0.18444890091968605,0.35213170889367351,-0.1954685241345927,-0.30824865918025912,-0.029224112483781015,-0.36659730372966548,0.40156481692713186,-0.27182096845200543,-0.14880904613170243,0.064558952397796618,-0.41982117089096205,-0.1601423515104301
0.37875409202215304,-0.2426103463146343,0.14864838541482633,0.4981675782311919,0.29251185893983689,0.28826218256336172,-0.25702024260036926,-0.075113958988800383,0.1274587933649701,0.14128862272542822,-0.34895753251034506,0.1020935821353899,0.026153658313689598,-0.2825150183465357,-0.19214493034220612,-0.035176584186872265
-0.034456356518696586,0.25449552403644521,-0.0011670792355522295,0.015892942934850718,-0.27181180293017415,-0.26870360069913862,-0.22186049183544421,-0.1524577342835105,0.076874466144521619,-0.24074021108376531,-0.14449453926301364,-0.059868830973936131,0.3959229716642213,0.25905750656426224,-0.096488030540937283,-0.62748538421031919
-0.32125635289035159,-0.075066362959120322,-0.11857180429470525,0.1856357425300266,-0.22267779467486609,0.0517469751630215,0.4380190861296584,0.093268051358435411,-0.14981060670631899,-0.43829177659117352,-0.19699189422652846,-0.35748176571143259,0.010235096093690017,0.41013401705068864,0.2004078550445805,0.014028552648978372
-0.24119207459241604,0.12097751273442452,0.15876860728218631,-0.17454566656598131,0.067053298335906827,0.13315211813964736,-0.14075128064605155,-0.023495195944810199,0.83621825814971606,-0.0060128767468407944,-0.1948591342011495,-0.12659704060595689,-0.082208933056143185,0.02922160374350713,-0.25953379460957532,-0.02577908855604942
-0.67829677081299544,-0.0076764623102774524,-0.23018935138884208,0.099444260679835195,-0.11565887721602301,-0.17246034697921117,-0.53864210323972406,0.095411084029694254,-0.073415499196688841,-0.057511817347234304,-0.23892174322457521,0.067375254548504432,-0.069293636461284711,0.14283002944159223,-0.086229993460163065,0.17793824927347784
-0.054587480270447797,-0.4147440977691163,0.16404217543136843,0.01594832625356149,0.12312829470999291,0.24152963654265,0.48958783297033459,-0.1700064968526262,0.24408666847096613,-0.14563364710351148,0.13327369355910723,-0.26253684300855307,0.22614975103142018,-0.39123740391373862,-0.012501137389730568,0.28966555146767392
-0.19479588463085126,-0.40793860162709594,0.18412235660133627,-0.041142177663640415,-0.57469252577529151,0.19454995630613792,0.078994675147288945,0.15928423805942807,0.16029426126821347,0.24479675127327943,0.064306659569406524,0.0094246429004596188,-0.3947416182032854,0.13190207866297918,-0.010140702982783766,0.31168625319538251
0.35287771837312742,0.10614391873841215,-0.1389054528135335,-0.27678092756106704,0.28161156462469339,-0.049387137906050149,0.25772795568145634,0.33420029126985812,0.29406282233340492,-0.54942083671463615,-0.0095620223230142333,-0.097336471901300389,0.064263748504775522,-0.091591579664765402,0.20225150633915487,-0.23900657350873331
0.031970968216146554,0.16200355253439941,0.21680788191858982,-0.21554088956750714,-0.42734593488095252,0.023614864906241418,-0.2155453517945489,-0.31068245965528063,-0.0029158492228935772,0.22179513162499484,-0.31475900945291191,0.46119302422879538,0.24745389690891104,-0.13776711261483657,-0.24316636867001751,0.22975347791568848
-0.18153152361066202,-0.044922943922546595,-0.18935310061121177,-0.30508802032633492,0.14448484177373513,-0.35015139133677226,0.24201561636781971,-0.33369057835118782,0.15730787804013205,0.16285770318775056,0.12760902390455731,-0.5606541130615933,-0.14578959087559731,-0.00049109224605221446,0.14935274884590982,-0.31184214622235573
0.025408778432031411,0.24311144721723293,-0.1379200274550117,-0.20767183695258229,-0.2214128191831414,0.28774539554186862,0.19228739628691235,0.19663524357845369,-0.38713220688552147,-0.26613303250166614,0.34446679256533869,0.38564780679646016,0.38039800985803179,0.18235634841010537,-0.061670694234118396,-0.028306969662198957
-0.18177917678791625,0.21286149440795077,-0.45586069466716256,0.51661221088156006,0.23083806424589498,0.11798782717071661,-0.12782843208697456,-0.084368226879987004,0.31337019961770751,-0.14849824570434078,0.15987538330981321,-0.2936167862365805,0.26564875221155398,-0.13730591245805218,0.17876757088583065,-0.053666906063547334
0.077669170585451738,-0.11304814119412367,0.37469065287957182,-0.080659883618254602,0.27223501115440751,0.31601963867513688,0.22699909039687374,0.17689116803823288,-0.26618638536871375,0.15713908141354591,-0.31938819925260065,0.13404224789793001,0.1531510997862556,0.35792642643698908,0.099053043115823677,0.44786941140275127
-0.10600135929226448,0.087293014017671297,0.0074489300959492862,-0.62848561193756503,-0.21799511835251856,-0.23529546817815963,-0.30473566151918186,0.23704020555427163,0.055191051436568724,0.072782913269648461,0.27579971838812278,0.22992191510065044,-0.28919497271550731,-0.11945293771829964,-0.077278816407453529,-0.30497303285756105
-0.051267464153525712,-0.058143775599728907,0.19865104223898167,-0.068793790449829126,-0.076774542294519812,-0.35083746275177247,0.12926275209876789,-0.01337564408909081,-0.077786095342060976,-0.30832095029177459,-0.36794235219321109,0.4204492651396447,-0.42042315972529254,-0.081767134991725041,0.41831227606538385,0.17952381938094966
-0.003584844145493783,0.14573941113086927,-0.00019311918068249656,-0.030228950912244371,0.18730945229937865,-0.32854193814685034,0.006025611704079289,-0.092281105592430981,0.031912169807614299,-0.11018103141230244,-0.68295696150135943,-0.36329302628729426,0.33149218456533114,-0.19964580403433191,0.016770195621375387,0.25428244973848829
-0.19274273458491745,0.20985231190771006,0.40892053176023585,-0.05796314278791681,0.1718050504032218,0.21042415069557249,-0.17705850652533223,0.21275226569751141,-0.2284553124695452,-0.44671565181992429,-0.055924816693114374,0.067172840027350841,-0.054428623943690517,-0.4448716798411535,-0.28826597686778516,0.23339010137062569
0.10784969014867271,0.22370025465025989,0.62881447498308907,-0.4236897318127289,-0.26101791935654056,0.10943042334137183,0.15906497815697165,-0.25676794246834911,0.050541749453468607,-0.25229808808794191,0.14927401541142937,-0.19693701522912019,-0.039301908448266316,0.1741510091564277,0.18137820240548128,0.0047130285667893786
0.067507341208100591,0.213432781008493,-0.0018620874125974346,0.14384171585197192,0.31212577838498351,0.13059856222809491,0.2405728299924253,-0.56398899495088151,0.081251892254797509,-0.49060116162327028,-0.15242358877304538,0.28518296487316275,0.070540024274245716,0.19834043018526643,-0.18564654793118276,0.090137870296745304
0.14897158518536086,0.25330529887839287,0.39533313640424822,0.45873183907489395,0.10940101993150787,-0.088457229963186557,0.35615628264079807,0.016679339121179849,-0.30612662466466872,-0.086200077207252243,0.00090783558561324026,0.020583388196317855,0.28964497532907357,-0.21915591956057537,0.34949624848913713,-0.21062364667904024
0.13381685721389602,-0.35759905188089969,0.36773538659574617,-0.057805713471381956,-0.014138335513039436,0.018288550995287048,0.37595692134109021,0.03625429626713169,0.2710672532298023,0.045767967205957306,0.047490817647379016,0.52930090187321988,0.092631652013656043,0.14917895566476355,-0.085463309532697318,-0.41991292109116007
-0.0094959387012845727,0.34222206920627429,-0.11686328200546292,0.18636820842355084,0.090294110576810777,0.18732359580444691,-0.10159671044896695,0.26838482532348779,-0.2327954646839506,0.48664494245324846,0.15828715632555315,0.3573070056998266,-0.35648650417266076,-0.0077071299297665295,-0.3055356840802676,0.21112568386718333
-0.094356780333116105,0.097567988788949067,-0.0055642952737087166,0.31190730790080839,0.030152016896410585,-0.70181469554354514,-0.042000245338552726,-0.011958022670411175,0.33352747080411677,0.35004407399772325,0.026830936189346188,0.23141843023913886,0.012134719596012089,-0.30000251817755047,-0.074476236109396937,-0.07182507191721714
0.22797121780845681,0.03313835166675419,-0.37420653049534036,-0.18439731073821697,0.31027323861223949,-0.16603079206584714,-0.36261224668026631,0.089399028846801717,0.11846484387234878,-0.069269280246225404,0.1152724013352526,0.059420072966672691,0.35087561770233766,0.051333692940546717,-0.5720059774792382,0.14488697012261201
0.14631937664123984,0.14639442052157323,-0.3391125053963614,-0.024037267306466933,0.066362859894525367,0.094208244733320914,-0.39992910570285606,0.37789398070620644,-0.49705482714582938,0.046047955364287456,-0.19615532031203858,-0.13365277320561156,0.12457263454899983,-0.30308218070346699,0.15644606962373536,-0.2969536129409715
-0.71408158527561094,0.2170261492488865,0.14906606824164134,0.067594258554643169,0.055416514449166579,0.077616862757794558,0.30548416056861633,-0.1049795950107552,0.11147348022436974,-0.032626422893532105,0.4029348017018417,0.24372457643530476,-0.19075155199738905,-0.066231245446623954,0.15627125553871535,-0.048150044872292387
0.19723731949624859,-0.03138977218521672,-0.11388453705362761,-0.14816236715113118,-0.17296028589839149,0.25668777772300655,-0.096022356650102156,0.26690899036059079,-0.056063491560272211,-0.27985848416800418,-0.49961154941748953,0.20012464971270968,-0.31469521171291454,0.30433768614846468,-0.40257843293681211,-0.15516574752874121
0.129353174530868,-0.23088001214936721,0.06923283399356267,-0.037812762404318474,-0.29378780244461677,0.33482133005034648,-0.43707706165028443,0.20746511450061075,0.18560784238305345,-0.35599258181109389,-0.11099393022076011,-0.16731359965113474,0.44623887212287205,0.082302361531873702,0.16752068449836949,0.23618633824385474
-0.28818135028284037,-0.40121287621227136,0.23866403940263503,0.22774117466098462,-0.082148868246171944,-0.076962784136147946,-0.1645023541983395,0.25697691989319499,0.16531581532769868,-0.23504557868452194,-0.021782502747280743,-0.22001863956272247,-0.17697017138076862,-0.34144196429478613,0.2027021898123095,-0.47003791979763493
0.093189963578064666,-0.20106868743178993,0.086699580149306649,-0.1948844479896055,0.12400992528531844,0.25426626010935705,0.43427812764692003,0.14190258487807922,-0.50154814812007253,-0.033983076877438109,0.16611398045875631,-0.081932197704417495,-0.50819928639375445,-0.14168671109077632,0.042110233987775983,-0.22248500059784918
-0.25585032268842739,0.054985523211636016,-0.16634214124203761,0.18650017138631503,-0.16586164683438812,0.21428100969245203,0.28104887968784775,0.52325956727467149,0.21558403106610965,0.043156215545814169,-0.37899998666034296,0.31011233598134869,0.20986682649293389,-0.3131500983473311,0.082810619220436268,0.075732730001150328
