-0.21326367568764809,0.17359027572866254,-0.022253609892177183,0.25014574399308859,0.22407483893245553,0.53579320103528771,-0.05333253489376337,0.62558345478488298,0.31860670356648174,-0.072183548465085803,-0.11292299331992232,-0.10179243522815858
0.5487880932055903,-0.080781801217319704,-0.11989212521673004,-0.061653520319907326,0.405888418268816,-0.43798178529296977,-0.2529101240920007,-0.2213679503092606,0.22982982890006542,0.29624918984162846,-0.252870992435694,0.0077991612392796514
-0.13369803383668147,0.13588217840455208,-0.00094685051853278252,0.29543429622870115,-0.18337168390642364,0.11805511720021675,0.65567394941620438,-0.32223770728823076,-0.020897410349910158,-0.43888681571754751,-0.28324702221776465,-0.14759296041370568
-0.34524070210941854,0.33942046360202072,-0.27207504401725052,-0.53792448972323581,-0.064076774170540515,0.31624754759434126,0.23212912762974741,-0.2383504347465282,0.19262573562797539,0.19938811116494368,0.27369491015737124,0.18876603916609155
-0.10412432081612774,0.17290741973325519,-0.064027230440279442,-0.58128804374635501,0.50830899602968416,0.10558254417947095,0.01822484650234588,0.12948061353357115,-0.09368398352946064,0.057234686383403455,-0.5411290287508953,-0.16052933293336025
0.33873218557801055,0.32974058899298814,0.10805491827497624,0.71750686979173994,-0.16182263002145225,-0.19965050445474011,0.0315431509604212,0.34862967489176661,-0.19909167803355038,-0.10034760717226913,-0.10567607836001514,0.024095574150434725
0.027146081351153047,-0.41545238299797793,0.25696325668856923,-0.21091655598470985,-0.45061964122345682,0.15126274632857264,0.50967673650661971,-0.27310511425787132,-0.11811792744479217,0.27598425179008779,0.23456655503008567,-0.10349212260070503
-0.11819752255737428,0.2222027485434207,-0.3973781186968105,0.33524328041025275,-0.4067591634951902,0.2107604075499811,0.22965493799713999,0.070784320440049342,0.054906929429587727,0.38102809316502817,0.16190050923680291,-0.47362868083102255
-0.4761374258420909,0.61652576394265446,-0.19890265908525309,0.10646744636191445,-0.10252035496928694,-0.27925873779434168,-0.00076482794729403134,0.16736625774389705,0.13344729668972563,0.16244942009303515,-0.39312222264988561,0.1644401324109597
0.047370626417771775,-0.003322959830313331,-0.041573424147979307,0.0055585169587819569,-0.030851425151554306,0.16319158480935517,-0.71050462675636894,0.067124248189599889,-0.0012874828743481498,0.15753302155904941,-0.243077971776714,-0.61251508634819085
0.1459825894263744,-0.12570414183126799,-0.47345712218344715,0.48614273132083874,0.038442052246286808,0.00082162698015752144,0.16083399968398512,-0.072737743864881438,0.097640290994444184,0.36996586308752893,0.055246681211383181,0.56594502135752056
0.34796271381329913,0.38780716232960299,-0.22751533668180138,-0.17823218649968411,-0.16497527820891558,0.0053216791990147987,-0.34502960001373745,0.459231755407911,0.16179757782147364,0.43875239050101317,0.20729481750503861,0.16174041992550792
0.20128974162363675,-0.21915388438607528,-0.43668032675919166,-0.13015318752253924,0.085399532967530237,-0.16645367159563557,-0.0081291110682676637,-0.1482851642009253,-0.034640804432407454,0.16397135456897927,0.77283860002828841,-0.14630066760819055
-0.13226729157640302,0.22773924562488385,0.26156972052136501,0.16751340694718414,-0.70391926945075256,0.29320918029995507,-0.33783740761512393,-0.071165492662454893,-0.18346576952164273,0.20281767692348909,-0.094785112639329927,0.22295564692885461
-0.67698914932533938,-0.14595901940333278,0.1271882946171167,0.4375768029857387,-0.046501037427883175,0.24145030345626434,0.040503884558469171,-0.27330727293353935,0.31369834003656172,0.06441925964553484,0.24500787989200554,0.11553336818385683
0.039568840512345979,-0.44715945431299198,0.019227609522874937,0.24682568060570662,0.10812427754447446,0.23992381221250694,0.24178310412614346,-0.029802523727094601,0.18648282950620232,0.36582143208389667,-0.61084039748418006,-0.25857571369121973
0.081267413685968765,0.4660529094292023,-0.0020124722282292905,0.32562771691344183,0.019769278869953642,-0.20628718186102213,-0.31890751913640092,-0.21787427353094541,0.51419649631969788,-0.11105352569250362,0.36913198530426133,-0.25504324619996122
0.37973302276766763,-0.2862845173855984,0.10567980478923905,-0.056609497683703346,0.11832371011847227,-0.41190622102946062,0.19544422333192565,0.11293367720183828,-0.64474538230991874,0.084673894433322724,0.10043144813263609,0.30314798827491085
0.2279532535573803,-0.27807596437331639,0.44457601660775115,-0.44127968514010685,-0.30964440629636097,-0.22297940304009387,-0.14682156037502489,0.34204663537927316,0.072798054738452286,0.21315304452370243,-0.3781967955141039,-0.020419108054551022
0.034415567015349244,0.013039552890972101,0.11647058556131969,-0.12496320134224273,0.36664792512956829,0.45394879419259704,0.23889848791368196,-0.24197702860142095,0.20121353075875403,-0.04993789972708295,0.22751196229411424,-0.64699025447938197
-0.058129751719768377,-0.19947202874878223,0.25855540080099698,-0.31929670404321375,-0.30795037548287713,0.32544197944347408,-0.346135835158976,0.15101699549178477,0.40230925417631724,-0.15820084197181644,0.50272939582105958,-0.071073260399509716
0.0096945902514032085,-0.46080911888489401,-0.14986672184228594,0.26718641149655092,-0.5651478093445339,-0.38137674995082776,-0.24452653872674257,-0.2186896662543428,0.3102442174391109,0.11891348384961491,-0.023003741285905741,-0.10164951933639985
-0.084788074780901543,-0.0054423052557135317,0.41478968277222145,-0.14649419836706554,-0.017811188212382419,-0.40633869151815805,-0.15396611625510709,-0.18463303838783221,0.20040129334907494,0.37087585584361527,0.369623929574874,0.51158147932821563
-0.11688317747411327,-0.037142525350794618,-0.026572356641226282,-0.064316328906547315,-0.46626532093009743,-0.44905741737283073,0.31578708195378075,0.55691716472984742,0.035267298616770665,-0.08652330693420239,0.37741682122469827,0.0029034971167270895
-0.037757372367182469,-0.35261187008247163,-0.33762376200986438,0.023202906778761509,-0.052256696190871157,0.79471282718350766,-0.1452686989495813,-0.1076102742107818,-0.26295468018857465,0.081124819243991786,0.12197448988291562,0.046094338508488687
-0.20838740937751959,-0.18136168635288943,-0.12110116506904753,-0.19063083884936755,0.019152090530712786,0.22349485388319229,-0.47751349756779116,-0.072460620015063412,0.44925712357277003,0.1613015597145307,-0.3919028048550352,0.45568916888362232
0.13175389173308913,0.16485661053341602,0.20666941602821148,0.098734241354353741,-0.39343407870825942,0.10376185902756146,0.34603616796587017,0.078762703455410615,0.72972978690080448,0.16653368130774179,-0.10153885325130781,0.20236564368880261
0.2504661252838245,-0.25013713054965586,-0.18826824130151831,-0.1264265312146115,-0.25306471076356102,-0.0043968795110522754,-0.18231833364781003,-0.33719605341704117,-0.37022331551694382,-0.29754465806322838,-0.61569476296128711,0.087115646632892549
0.25162297911484516,0.044970961144739405,0.25124474803953184,-0.19435490432051089,0.49773683816671455,-0.24579663254173911,-0.23991660180764923,0.48420653412652037,-0.026766571578389839,-0.20070447025870675,0.32163228859903698,-0.29857291542947817
-0.19671542804352077,0.18051447087947201,0.31078789556004044,-0.23749760416728294,-0.12908804136465682,-0.14264625370594741,-0.050432828180624098,-0.64675226889106074,0.27985293937778516,0.18341534250961017,-0.36694930873461862,-0.26696262629826301
-0.15224787122963371,-0.76122293402553276,0.1523778144174813,-0.30270380304997352,0.31310870937467755,-0.061248130607469885,-0.26333899886836754,-0.28241418100893068,-0.0668564372057808,-0.028045504454518925,0.024621750764594427,-0.16048514023497901
-0.64167048733067467,-0.23234360555851663,-0.1218765125383528,-0.29954307222574111,-0.43575346515140601,0.16966421613974172,0.026795059278593662,0.12824175551376557,-0.0029089814786914612,-0.13164174018747429,-0.31587942179790984,-0.27703199721504779
-0.33873679398299367,-0.12030667433340754,-0.091831834060687192,-0.22089038168119071,0.18851932406303598,-0.25468162601457217,-0.020022500581501814,0.23363617632692446,0.58781645216478107,0.43794825439824053,0.094459954485965447,-0.3345436809840942
0.068488784236565015,-0.1850589978626426,0.055676818025315516,-0.090118988745351514,0.099314254133697252,-0.12479063177036695,-0.071960265534923407,0.06204864608493342,0.59721860110159208,-0.58640777126685062,-0.37506285499521563,-0.27232425432982144
-0.18447913242276279,-0.12217738227302016,-0.29943197155664097,-0.25017526077896918,-0.14550368936047348,-0.15830249897216206,-0.14346231905425286,-0.15623424339811354,-0.3581517323941667,0.73560059081337881,-0.19414717709084467,0.022301808763207115
0.0952255389151766,-0.49835733270321453,-0.54948836809295687,-0.046418036284472719,0.093022023203319218,-0.16266079584484136,-0.21629998212427659,0.56338469379135014,-0.028797580621878944,-0.040143918038405169,-0.19166954792871738,0.0015125269867913831
-0.039665365410428484,-0.41925606567907125,0.26377969627688291,0.35935731491740164,-0.061781359910710223,0.074965904561129698,-0.19892979053199195,0.42032595127793754,-0.14749124798436178,0.52792226523587871,0.30341755228203504,-0.075710069813180278
0.15614357859285655,-0.34718354625895492,0.29220716348844833,0.40846203685490834,0.26568784654915878,-0.39556119960177405,0.44222300866515396,-0.062902732826967567,0.30264283352520138,-0.031141402637237029,0.26029255016708613,-0.12635341383001716
0.28117529082248038,-0.18511387082803199,-0.022578738520863419,-0.043409810051011723,0.048159754416518791,0.18324336643976361,0.069226165908396975,-0.70086661797685446,0.36942545450230191,-0.2926125032160049,0.18930192737688842,0.30731557868841691
0.82557277284390496,-0.24569087758705641,-0.093020624775912955,0.053763181009604505,-0.25916025613520316,0.24331832938657172,0.03111445485544927,0.10555991019804996,0.12810606677301392,-0.086441763256869919,0.041021759561135615,-0.2871886033416835
0.21805848496230906,0.39059032163991075,0.38959455079564026,-0.013209788414958491,0.16913040519362171,-0.1027421271196944,0.40355439659191239,0.075819891718559906,-0.11622618791629338,0.62526295115792607,-0.061869603742698398,-0.17853657022325384
0.098418654890478033,0.39190582162671955,-0.53041569372796515,-0.03755119290289248,0.096871267091242219,0.030642266920787066,-0.16757581073767511,0.12382666408202293,-0.6677265264293164,-0.13498223414210708,0.05978452579363127,-0.18050457599624156
-0.19571110545438378,0.25376535722191562,-0.083867349822214207,0.12120862320137539,0.68821100002394131,0.16232087541595105,-0.32698307878238958,-0.085668528971363511,-0.077672757828518166,0.42892859038084075,0.25400524980420669,0.082487006689054412
0.42740486829238683,0.14068133280303738,0.23648680393154384,-0.56047532616543161,0.026531457319409337,0.22881652324863158,-0.28848066957176605,-0.3467254741661151,-0.33902303511813181,0.15582049760623162,0.17435799919961661,-0.036841730354218012
-0.15285835492054461,-0.3152261672322223,-0.09920696799514557,0.42104906514147677,-0.097786876573067852,0.060715953264861088,-0.10646907622822742,0.14789126607832828,-0.16835284605581941,-0.53717491989815114,0.31492201335586562,-0.47708574516857527
0.16329913976632693,0.091172815906654381,-0.20543583588064554,-0.1369822510902656,-0.30741632788205581,0.3142189635780035,0.47147094576487431,0.44121608201508344,-0.28766687113052852,0.13449044921150827,-0.36899074420844696,0.23846167486025849
-0.13076331415846895,0.10604473014699527,-0.2461395810099401,-0.57994973424820195,-0.13411471840569342,-0.51694436126628529,-0.484448248707395,-0.071444130566356651,0.045819463149226115,-0.21035076595702204,0.051585936491806372,-0.026617789018226042
-0.36108312927580249,0.27213185447199961,0.10939119747453618,-0.11082824221390764,0.16029786082348094,0.36532157120749809,-0.39590493822580969,-0.32838049208725451,-0.12419711613899034,-0.57218279117813953,-0.065398846678904901,-0.022115437666009149
0.35218190176895592,0.42873504528075773,-0.19305078249508309,-0.050125604089499773,-0.48212856232469403,-0.3841803713328325,0.23615092588147538,-0.40053389187010396,-0.10721295532272714,0.094923327801321608,0.11041040432329154,0.1531022802458028
-0.49253461114433084,0.25139464590686322,0.27845037653979926,-0.11629174243224061,-0.10892238423555148,-0.17800353261704713,-0.075870025738376284,-0.13149704370491275,-0.39641530359648247,0.13534589628322929,0.46413648414398295,-0.38166562601453186
-0.413413146691339,-0.11139563461237637,0.48076159241762134,0.17958533409400917,0.22115699569979919,-0.38328314901127503,0.045286279340401935,0.16647872342041364,-0.29516984278551628,-0.2580720420377538,-0.40929467783992984,-0.08041785856192242
0.13687954527138538,-0.15185802957793804,-0.14063380995214178,-0.18273850448110815,-0.057558405399561079,-0.47285378482518498,0.26976190797391564,-0.037691026303280743,-0.2175102430635317,0.0024057374639038873,-0.18099072472631281,-0.72378311064637013
0.26011983901193025,0.027268868160635125,0.78629790141768419,0.26784455419819425,0.19445182764444388,0.26959004693726052,-0.26691017157157476,-0.078136885913056314,0.19460790858084034,-0.027043766331833686,-0.12305898908473664,-0.0022684156428287162
-0.30442269231207369,0.1908666669103323,-0.20348312989327264,0.21555313604483614,0.23306703070489609,-0.44897881086538716,0.12395220610792232,-0.16162686115457658,-0.15817769407902638,-0.43562134452111906,0.35740631849163984,0.37830302800849208
0.15203362300513551,0.61360777412263812,0.23164037051250819,-0.28643801426863719,-0.35658778201833935,0.11332327918223022,0.057240604835203532,0.23468459518744991,0.032454570605836737,-0.29013400808014295,-0.081285632249357656,-0.41770626759154178
0.30180934383220509,-0.32416623776022396,0.10794118765842997,-0.33861850618983597,0.40890478002463981,0.3285267575546244,0.25438279317762363,0.24513215300982041,0.24512939145548565,0.29394967007221567,0.1737341963411074,0.31765051867576416
-0.0094038270742902007,0.18910927939131822,-0.57029203259256966,0.078727175764684992,-0.45842694804900502,0.19883304822210299,-0.11357826898291319,0.1103562003830046,0.23829481348041187,-0.48393772321960188,0.047290065775018104,0.25442764693212172
0.27259409666184653,-0.18502161524444649,-0.11317793880430481,0.30866119030654232,0.69445500006261407,0.21404314153033557,0.085199919205231525,-0.013235827944821969,-0.18427900717760096,-0.40470468599372256,-0.20132683560814466,0.097902640997439325
0.099219347194593244,-0.20458742746845723,-0.13002942127906292,-0.58308028597349537,0.027210501048914305,0.13577023793644794,0.32470629550612073,0.069360522429559049,-0.20739026922550294,-0.62004886627832356,0.18538694374841455,-0.01227056765252855
0.20797957930422178,-0.10018387253687203,0.042833599622743954,0.50896772072351959,0.06103798657661446,0.011999701715334338,-0.045695636655306723,-0.60868069987264828,-0.42758664295097315,0.23198001240583391,0.063417187464197791,-0.26212232063615021
-0.4152775399340678,0.0045689480321543094,0.10461739456724641,-0.33981423328747912,0.077955220940841924,0.10806466133142036,-0.25000788017332565,0.50544011707890535,-0.36502707783479976,-0.033331724997512774,0.14244791591197584,0.45905267383569026
-0.28994140545207653,-0.090760414473968321,-0.70987567277530284,0.098174909326740958,0.25693943206980818,-0.045422886534880032,-0.074185087767989988,-0.45050542706781765,0.15243767604457006,-0.067175058380478062,-0.18575163740467315,-0.23524808855006948
0.0072429912839233421,-0.59897655178758846,0.25208625592888262,0.21716136205168926,-0.24488439812035576,0.14988943556673504,0.12778290804169365,0.21486023240468471,0.04562916476384099,-0.36376324515099528,-0.087036019675974227,0.49351646535327331
0.28220345239836964,-0.15706508919696294,-0.056624438223481545,0.25885067488344021,0.026482282583376808,-0.041357357370279416,-0.74795016463102482,-0.059282108653785484,-0.17638549605722223,-0.18865186923270294,0.25967744162775475,0.35495417474101881
0.26084851570378131,0.39097127181986835,-0.4617598715791475,-0.051342458043274614,0.31498751672669012,-0.14896391812004153,0.51336147764045637,0.23706923415414416,0.30486757297385669,-0.11701706379150539,0.066015976580054023,-0.1053410505541532
-0.19726314020417304,0.0048323906126595921,0.30811693328064493,-0.040573916187640842,0.20987728334202621,0.28978973865985974,0.24274121702431292,-0.40273716821237227,-0.33661181011008356,0.18423740194646462,-0.29312212371545199,0.53119018447060307
0.35018914542481933,0.53901426973927047,-0.21872954360245322,0.15955831404696705,0.07190459014665479,0.48172113686807766,-0.072784121838734034,-0.29413944237522249,0.11579059016896628,0.12581006572189693,-0.39291124832449364,0.02955950620724522
0.37317507571311825,0.35809175412270561,0.18793075315249341,-0.23036909070718212,0.11065335496016776,-0.14082431153009659,-0.018578499460474872,0.12044056111004491,0.10016534663238907,-0.37600162184527025,-0.24347628130172028,0.62169527553679249
-0.15723035527816728,-0.29533056916751588,-0.18525928825664276,-0.32574113084644235,-0.014643411493314065,-0.47210506494494503,0.4808468039831148,-0.14423529085729528,0.21157646722523965,0.0022556342305861204,-0.32756370439787291,0.34705535927192593
-0.45609742585380819,-0.2766392102676179,-0.24213272790715773,0.038226295489383631,0.36843328527770269,0.055662661185755184,0.55331605073321988,0.20852500979524116,-0.32139077185385417,0.15919542051344299,0.1539525784177119,-0.12056957358633984
0.13840501146263623,0.30346339608337547,0.28148084488478819,0.16536692590441571,-0.0059202497457163912,0.43673308236980085,0.29013974086043315,0.040110903409435468,-0.21849803366528128,-0.13723508638166948,0.62049927378176395,0.23242490618220554
