-0.12684566129701119,-0.36295459471541847,0.28338984036936454,-0.22264591699136274,0.26818787287561824,0.12932905020898075,-0.21816926240119996,-0.22721464073191255,0.29285132660325502,0.27230239158236014,0.58935114055501303,-0.073928507663810109,-0.14733428972516163
0.36894874150568163,0.082846992348248008,0.14641178182638581,-0.32455852848437328,0.23653720620153915,-0.06548309868723369,-0.051505195232746909,-0.0948011629488658,0.33327971241285714,-0.37466015422560422,-0.12602170701423546,-0.010759016564451605,-0.62523419373895872
0.24740163416505037,-0.48285089346260285,-0.35773873963986624,0.065535402946161878,-0.20199762972082363,0.0053259399540534309,-0.036423449350125273,-0.035649110037837189,-0.12013215527050428,0.57567507464872558,0.065342955443052173,-0.33317922571073683,0.26236423514863055
0.27843133839453765,-0.28189470206540157,-0.18769337681603662,0.39898688121041692,-0.19856450737247497,0.024528591975422107,-0.17587769212048654,0.15972147659478383,0.32482087728982378,0.21904952115628099,0.2624789524912608,0.25940779897495014,-0.51228868997175936
0.42635896320740679,-0.26769364575591992,0.65992669414968419,-0.00091802907871224278,-0.080885341431718577,-0.19402664726101407,-0.0038384250932443605,0.02324820207859921,0.3536496469179719,0.30206540457750974,-0.18693395054078621,0.12227203241350408,0.010185194639013117
-0.036900540727367807,-0.26518585939576106,0.083535563149547909,0.035775398107660797,0.40794682214947753,-0.21061663000122172,0.29320409980918005,-0.29845504109700183,0.11638445632332554,0.039450747677384816,-0.1990438235923172,0.30598696261397973,0.62119605781755627
-0.38648157055696319,-0.19960426797927086,-0.18082894828048945,-0.18776355185933508,0.16164517411310347,0.68177002843465517,0.12855421355442925,-0.33749834670942064,-0.055402298174318416,0.13395854932221601,-0.065381938413502344,-0.1445864016875574,0.27435503465038513
0.46562899992124762,0.38366593347109917,-0.085516691739329839,0.4753992566316721,0.22925081758684926,-0.20649445107686515,-0.19372450483879275,-0.22874866381491329,0.42996405704435453,-0.0053756956107407069,-0.14780994681491463,0.055145164227017235,0.088514063988678796
-0.055815961329446821,0.35841913763558803,0.2832519995015681,-0.29148659365200175,-0.11841290519306408,0.076584187091537068,0.26183949619170904,-0.20993086985915457,-0.15552680628848256,0.65982791158893828,-0.10892849795606378,0.16773270597194676,0.26673092493506401
0.054339337007746111,-0.28361166138943739,0.39891477776524875,0.21768452189798301,-0.037521619908553919,0.27427417233736229,-0.14890286330939506,0.093276457044642935,-0.040850065215150978,-0.26117099429300566,-0.33071488371353708,-0.36394832248813958,0.53932886575068206
-0.19654054429396475,0.078370506358794306,-0.32562071634276485,0.20613763120741255,-0.060996004182589825,-0.19007901987661752,-0.39045588554209498,-0.31737273192820858,-0.55755413576855872,0.15231156626226958,-0.29738847769306631,0.12915696428336856,0.27292792602333837
0.2386553690959812,0.3183272046733035,-0.46531959592083483,0.094865256393169131,-0.23025852262799495,0.19611759509995663,0.34421833389607565,-0.3598874947004097,-0.072930680220203062,-0.082499884240664442,0.1501927911673209,0.22232804102597467,0.43885139444160787
0.14010192940487315,0.18929599023437588,0.41227194742540202,-0.13153573423305426,-0.27292399799171668,-0.21509492298415234,0.1029754868426042,-0.13714870649954061,0.03371629813244096,-0.64545656552042219,-0.051746521352568305,0.32581257544868708,0.28375889899697337
-0.23775554030240234,-0.11089120418259275,-0.44753779895776646,-0.044618537874025907,0.12188228908160208,-0.068761677412325736,0.63066375794348373,0.09833976025577465,-0.3908299219363503,0.24296110723994088,-0.21200700245338047,0.20116510090860093,-0.068637521405673266
-0.092015701283337609,-0.32174190848465412,-0.18938715624863262,0.21351974616537056,-0.18058208406758974,0.085133148936105102,-0.16123345216757221,0.74158005523829895,-0.30842421978662266,-0.0022066415241725501,-0.26727024905707841,-0.087018760828864131,-0.1289430577557808
0.081908401201437511,-0.24326522169600545,-0.50849572788689779,-0.16886614411819273,-0.051612265554429278,0.22655922260641725,0.26688864780044708,-0.098165999266838874,-0.1242633510870227,-0.19026760000224993,0.52995003548217334,-0.24365576694109725,-0.34686024832999918
0.054590213488480241,0.64658543648523303,-0.17655150488420715,-0.049733180830731923,0.28322515280249799,0.41497803762028379,-0.095970987050171014,-0.12607653504376701,0.074257638227026343,0.26635259106643239,0.36360154831563074,-0.1844755014492418,-0.15836407628475854
0.11699362619783565,-0.17635315567562077,-0.29143358964112631,0.019440949744278482,0.094267975078867847,-0.35477839887139861,0.16606031501306895,0.20808206762984927,-0.43481243662009034,-0.46896319054169877,0.13687865238764482,-0.19303416524222786,0.44641454516952334
-0.013349160406166002,-0.052194388540090772,0.16455246513362212,0.23353604519340848,-0.27169326231695096,0.1533479886029202,0.58586114989530269,0.37336945217813428,0.14595310475472106,0.24519511776757422,0.40577055186741079,-0.052232399051257976,0.29446419056276024
-0.37052106716171251,0.1567984099374988,-0.12362508780666188,-0.58983135422358923,0.19759337957750059,0.14643130635361515,0.13113837161274178,0.42059975312418152,-0.0042922289718303796,-0.049092270603675804,-0.11246703072605853,-0.38727677269241007,-0.23515294335681927
-0.1180928900443987,-0.10220867311049707,0.24151749634309821,-0.060103996335637705,-0.23468356579788835,-0.17633454268406154,0.39140916878696375,-0.047822719715000683,-0.037399365858268002,0.42515140967919612,0.086832687218389742,-0.29019237148804211,-0.6309531728723784
0.26018565496775625,-0.16219169145357809,-0.15019339884742094,0.25283735828197978,0.31195701492768624,-0.19296488505308332,-0.065855709259472137,0.11386960648100507,-0.24573136646868177,-0.3256018060238105,-0.25595766749033461,0.63806514897444411,-0.1691588105548214
-0.12788993334419752,-0.035451580171950908,-0.47460662730028685,0.021116374642423205,0.76150598489341947,-0.33312946724985015,-0.049695492286868884,-0.046122137297210784,0.095356640036556875,0.010663518062805589,0.12760916147877266,-0.14104117157725368,-0.12586972783889003
0.37095222589713167,-0.17106260898715117,0.15108614620888375,-0.33286359639686658,-0.0656288892306474,0.6451143163619667,0.046419023346991141,0.2758930675993152,-0.11945375236215079,0.34031103835197862,0.043530403886775058,0.033345389843637087,-0.26013049976373237
0.13874484277612614,0.54295376108048365,0.1803845200433247,0.34520990903162091,-0.31930363970649095,0.047521459825782514,0.10099973534390612,-0.18254194719159478,-0.24213966938767989,0.018841049832407964,-0.025828952028475939,0.37483331972131917,-0.43168652525035373
-0.12740570665817039,0.43911326474016765,0.13207494497538874,0.17225565954176802,0.3232985921181864,-0.18495780881904153,-0.42858181679263324,0.2443412561423732,-0.22313641916172083,-0.42266231986737701,-0.25776925610253437,-0.2506068194575195,-0.063506408465891506
0.42744624463704672,0.19022589526888148,-0.1834679795092635,-0.081437056627891774,0.54777470815456031,0.33641290540733293,0.2681788960929431,0.11065523331490579,-0.11877139188037271,-0.14562861560726714,-0.39249192188244647,-0.14076666903411258,0.18503120591555342
-0.11846981591872191,0.040128474337323375,-0.0079144383839919816,0.19127150730680179,0.30249025163239479,0.00056579968153279338,0.31034822562248654,-0.62934172964426138,-0.3751909024834883,-0.43782285423013217,-0.073386365971885428,-0.077284083990178595,-0.14143557119506026
0.17808929802120271,-0.046625865854429537,-0.30207973435684249,-0.30401340706549995,0.074201380495842739,0.04122820388260804,0.39162229197062659,-0.0061775616237103653,0.69442768535794863,0.36323909603041071,-0.086017474565782334,-0.0061318125778544053,-0.014596758112568596
0.025377741540153854,0.25623758445902539,-0.013699171237542444,0.098785414037892233,-0.26363468227928721,0.30438603720810636,0.25423918670617524,0.039105716777700063,-0.63599127852720383,0.072901912503392119,-0.028358107815316828,-0.53159687863688809,0.047245104207251344
-0.30600362435737771,0.020261939093053481,-0.24791972138842266,-0.14266163270889548,-0.35306464923840136,-0.45032579339580037,0.03285297835580081,0.038786379817390707,-0.22235193721489502,-0.45462665756894766,-0.11720673692724866,0.051104364089767623,-0.47077402312850358
-0.39543565768679489,0.29910419361877377,0.38310147424899954,-0.3550001501760589,-0.29663533122380753,0.18834123871407868,-0.21553180670443339,-0.43243437149047198,-0.095593131008762114,-0.14814016082944201,0.076284659707908931,-0.21315827056277711,-0.20522606304207294
0.61986482839256252,-0.15097517673158861,-0.10880952197984796,0.05870495293533378,-0.40719494829396907,-0.087640665272520082,0.50140121259305814,0.16121908061862855,-0.068668276028031924,-0.18033478964533378,-0.23039565472199797,-0.02293785223020307,-0.18963294972250325
0.14949672531170852,0.3115860044336522,-0.091998253131897037,-0.55847763976240961,0.11596906892692577,0.052271523463650847,0.010087122593482619,-0.05096795785874516,-0.63181660605773959,-0.16242510895522921,0.16293297646623722,0.28795862058093646,-0.079258164805131565
-0.36197477043730741,0.43091903883901611,-0.22592653418662831,-0.24411350959940553,0.21197591801782392,-0.04660031118700194,-0.057881270180761391,-0.27099514655457418,0.25393458611901792,-0.14260925564767579,-0.44788791268394862,0.40233989712708168,-0.038127475996478408
0.067524253197549788,-0.15620431330710186,-0.20267824847584784,-0.55954116073131044,-0.29398131398951227,0.1342985680583649,0.074518255288162041,0.25574233533283908,-0.048654770892967068,-0.0422642383845147,-0.39230187327985194,0.19624199534638445,0.4948660837773135
-0.090761817275099313,-0.020935830341728058,0.30510925140967593,-0.24624580374608587,-0.39754686202148926,-0.53929955917274519,-0.23729103107693084,0.1930010529139225,-0.26962971871921848,0.17032374718503271,-0.10766013137336058,-0.36738419544201489,0.2165159473857475
-0.054475391588458384,-0.04003885064907646,0.44579480866809451,-0.20299126058262992,-0.0060155626406569723,0.060155410429269036,0.15702792789429029,0.048145175278719539,-0.40021754276719607,-0.073277256535726518,-0.69971085501373775,0.069066692546931319,-0.25485514296361211
0.19483710215521011,-0.45896837655231415,-0.076901946584817069,-0.48808258157666734,0.10264068225848445,-0.43994808615567449,0.077192838519454243,0.40968796381785849,-0.035121934265596663,0.10714532635162344,0.20021221170460488,0.17903300911915423,-0.21096020393361489
-0.0066504694909768278,-0.11041278044520605,-0.15554108725664365,0.01756448598182293,0.32510823404894057,0.43087985764958248,-0.5564960444662943,0.21832697729964248,0.47113072341553647,0.037890046303739475,-0.25280373021747016,-0.14315192438855676,-0.08218212978615036
-0.13938045808864352,-0.21546204729008547,0.27295969872517517,-0.10617640683243093,0.54916674183405256,0.045027353936763326,-0.033340439952045491,0.26475315873320171,-0.54237439591596626,0.32609792011281219,0.069489218201533809,-0.12955587869135582,0.22677755323916093
0.43173735215960557,0.24063785624286388,0.098353479032082136,-0.34574587600597445,-0.50763006621967066,-0.13874681118996862,-0.027114812402349697,-0.080344150101896855,0.14683015569966426,0.13876476113432859,0.54492136842038585,0.014539614394781304,-0.066240881063480417
-0.42387531826874741,0.06656549393996479,-0.16088047603415431,0.47959465773652787,0.057391161638011834,-0.050334560117802692,0.17484275787498701,-0.48235448176535273,0.18448285637737769,0.43020763803927642,0.20231381790981298,0.16608570793961236,-0.05756871911290435
0.4807639050591907,-0.16239551040522318,0.094160692763532686,0.089973569773809423,-0.086186646093135588,-0.049731567242170066,-0.53727627443846693,-0.19378319377933023,-0.43926248033986998,-0.063887541606403295,0.11579952576050091,-0.27527263739658575,-0.32124056217965019
0.55631497446466582,-0.047164258439259858,0.037746844714133788,0.11850528516403344,0.37048850142936968,-0.08982203655240828,0.35981584086290214,-0.25749652214300978,-0.20407572033076818,0.34905577279666844,0.34363574572587441,0.17843841923459813,-0.13530189012140437
0.18864379972450598,0.11066134804100056,0.45305000545835894,0.036194150346440669,0.36647150130499428,0.43256823661140825,-0.34471112982210794,-0.38405461633166427,-0.1296621291053075,0.0033206946399450287,-0.087582846015439433,0.35261767341273753,0.095024384824129365
0.052344096304409428,0.15667047468972087,-0.11545681719780787,0.53772906810059162,-0.64490832061795189,-0.12564818406416772,-0.18411966127484425,0.11830597947508319,0.064725443256435047,-0.30041911272076266,0.1546833423823217,-0.22349129835575959,0.14941467422043714
-0.65787124299951294,-0.30520870126909422,0.01052845695015733,0.25222971545183603,0.022614293808670988,-0.092346410210724886,-0.04443819321623417,0.0039631255883287621,-0.12201361869258143,-0.13754040384789368,0.21308177195436817,-0.5642413163712624,-0.041423217167790662
-0.41052737330131106,-0.090533099042302501,-0.098136044666255598,0.044616344782914305,0.26393546439163751,0.30339492201843321,-0.23675188049646251,-0.04529022309100144,-0.33306987154224282,0.10856823743711583,0.017731585947007175,0.19271815522860342,-0.65700789109634961
0.31354747889518864,-0.057673073272661836,0.22910173617473728,0.31893494712780501,-0.24006521377842671,0.46778151371330162,0.17860057645327371,-0.4906367155130395,0.25818304677709503,0.0036029916809450294,0.14051024934866344,-0.30465396968715941,-0.12590729332522196
0.106749630172861,0.019208371356880083,-0.19393290422875001,0.0070178943448300311,-0.27509764776573742,0.60667611271696409,-0.1833295019957778,-0.059220200040412341,-0.17634183714102317,-0.58659070719534956,-0.24544890035754618,0.097833003898038812,-0.1572368028453662
-0.19477332265322575,0.12824894710149295,0.11173654380867898,-0.0023023733137474251,0.35404265149280822,0.19525762236769201,0.23923821338320062,-0.035695475940239495,0.56226735943197881,-0.50291065172024063,0.1937089359696097,-0.2505420898660603,0.20441667868706176
0.082769268326361903,-0.76216452181155292,0.044986702193608077,0.17274684592416037,0.36747652160415289,0.16516994720851705,0.27160432537470752,-0.011994437306311117,0.067979162218669967,-0.019120763900193783,-0.21196264580357091,-0.14284632454207891,-0.2717284058071161
-0.07573484692243658,0.16889822900640775,-0.2197754871005787,0.10076633175980544,0.015080457921332309,-0.070742092760580341,-0.44844476866347316,-0.37691758978774015,0.050499224213666052,-0.39318100862427696,0.51447715643716818,0.35120374855586028,-0.11708443208583943
-0.016253381366606076,-0.068418059819038535,-0.38607764563242364,-0.12924682727423686,0.24795627004293258,0.19536179766033304,-0.22705834529638302,0.10323722776978371,-0.0092464130413322191,0.44427733051112611,0.23174878063411491,0.60429290182181461,0.22602409956543268
-0.25401590125747969,0.26688630748484721,-0.31801892801594245,0.20479748615496887,0.12191910779794414,-0.10892607485096666,0.0081928360015593085,0.36744647782647183,0.17958430369768247,0.25211258476944631,-0.25389736702170695,-0.27256266983288813,0.56990421749223485
0.20809014869806872,0.30347420867819358,0.17370708505832555,-0.54638923446153564,0.40273125249993652,-0.22026235775119654,-0.31442294676969895,0.11435200035269671,0.2507040920159973,0.083730138255278919,0.048138499761970627,-0.01018187601758829,0.37544126938892086
-0.60355120263213546,-0.39792796214715592,0.10977447299726688,-0.17639198142952736,0.0034478425218006431,-0.10743279299223231,-0.079743833160297622,0.14498064279161585,0.22153915179181838,0.46011228806749982,-0.33576384162548917,0.14751998083263151,0.0003779859827572546
-0.084370948382414046,-0.62731489794016582,0.25242058250355981,0.1252451672802343,-0.41164588618353282,-0.04254654037584904,0.058122117437964617,-0.1160469362673989,-0.47806768997456067,-0.073017455760199967,0.11233041648761727,0.2727734770854236,0.10461207634742727
0.39648696076261974,-0.056347779065567406,0.093942699987399639,0.10667710027766326,0.20196501431966571,-0.17168052116275054,0.014883531911504889,0.46100202464412943,0.21147420944054054,0.018778645281392045,0.13700178328667384,-0.68397847216178753,-0.068842652109096236
0.10090927472400719,0.62967030376179167,-0.021924001233996245,-0.11966649926866858,0.1226013354559288,-0.48323273285622426,0.53265751685862783,0.0075471876683152221,-0.004303962121107268,-0.084635484732992317,0.034448827074689999,-0.19085021654239473,-0.037599546325451892
0.054130424243993509,-0.12452082504783499,-0.20394738726665668,0.68377068046451983,0.28409199886826325,0.43863358025290744,-0.064906609703879417,0.075296147816294096,-0.24380544779780619,-0.098787829177770792,0.31227280235943244,0.0045339398429135053,0.15067358887884832
0.028755603781092796,-0.058986196139585632,0.25059955835907549,0.69552679442150989,0.070799885843000177,-0.43022551700719602,0.27187890742465187,0.084146261673769956,-0.28048765259616543,0.1404047651070881,-0.24397628429087337,-0.13520965151683195,0.042869943424156863
0.020941787203215045,0.11616762443246716,-0.17070259458427361,0.10931127032661526,-0.39087161232800977,-0.59102078605014785,0.13276890245588099,0.1218564817189432,0.19737987587557793,0.24236285256469803,-0.1182792648791441,0.52074743560531778,0.1659788559031507
-0.3401948337458221,0.193967151789737,-0.42537708895199339,-0.11404080986321592,-0.62707366138382259,0.31311734096488181,-0.010542269924301203,0.10474331678401265,0.04547172264034658,0.32717757082953647,0.026558150088277374,0.073004054895901005,-0.18761484306483672
-0.0019707957297476508,0.0051191520454590264,0.54310964804497985,0.068076312260180405,0.073322035641113392,0.14344946767678904,0.14029259955494575,0.28460668569526382,-0.28474055727484088,-0.39771066454756382,0.45883650617531047,-0.06505339919424645,-0.34600107606546332
-0.10280292394158554,-0.0071982638921390544,-0.10419480256232576,-0.2651518146285104,-0.16390164687906586,0.34077600944433722,-0.50750266054340032,0.28706705079969747,-0.19882835733681647,-0.10506154416460642,0.4610222432139261,-0.23132111001360739,0.32960220440528981
-0.0071935863006337931,0.089157391332386857,0.2295027195449415,-0.29521226001010131,-0.28930880685790267,-0.010885657266244377,-0.60764347565525412,0.2963358199493451,0.028625046535555795,-0.024893362434378299,-0.11607140746490366,0.49154738734449832,-0.23405845803665323
-0.11502582231952377,-0.44844724187933788,0.19208619174214431,-0.25984724789582897,-0.5142325223116706,0.15860010436340705,0.017241718988453985,0.2414910857102146,0.42092516438379168,-0.2909654810266793,0.08109826339497915,-0.19212090863222614,-0.16648079671617347
0.23439537139551264,-0.23792731322922839,0.33419071333918887,-0.5684190063949992,0.059103343150888436,2.8388165885999151e-05,0.42196941823462614,-0.24940342800939427,-0.11019845629773457,-0.10421606718120265,0.073508408893736638,-0.38899173558539074,0.17375152663529816
0.34348202179920684,0.30751954088542222,-0.32265468736244418,-0.13999118010223599,0.055836862484980217,-0.20981437871012748,-0.15975476032269176,0.20378306439031593,-0.12408928877531197,0.47483159537536479,-0.38804012847073921,-0.028752184665999971,-0.39660342964363143
-0.2153848891864642,-0.46243532559023259,0.019538631066269643,-0.4334749021822154,0.2751086268120167,-0.086369575902109835,-0.44625204927978829,-0.20751898071159647,-0.15511715157868544,-0.41109151447989845,-0.16904399161236688,0.017377520376540317,0.064774824544188148
-0.003422314573964465,0.2672063928509375,0.36342369759708115,0.22050925869342136,0.087558688957734276,-0.1604341536550562,-0.039959252935350104,-0.34066946911420909,-0.16006547384876929,0.013912124272822918,0.5032007899869898,-0.25315491268844004,0.50370318194660491
-0.071821268705000718,-0.035314279548520566,0.033186496961374559,-0.035677601976185164,-0.37045700094095718,0.097651628365686041,-0.45178371236697357,-0.39867449512934766,0.43203983861097428,0.19862988283777969,-0.019660057300356273,0.11178821636545584,0.4923422494449381
-0.55103347215309351,0.30241388370883215,0.16215054199912599,0.12370743738245528,-0.077030450995980632,0.31050876551826972,0.072186429021097634,0.29252624081898948,-0.34332721227570356,-0.14668759817140944,-0.053276092765425422,0.37117238306542227,0.30030260583077473
0.62608361726229489,-0.41065270581130708,-0.089707666895581226,-0.10900527687430162,0.10045075872371474,0.20387392617359956,-0.13350939818207885,-0.031550468065672965,0.26472610029462779,-0.31545041405531959,0.25477697832445245,0.1686614403936372,0.29331221814806752
-0.033463817239269396,-0.019758739611984048,0.20086378814590272,0.013130989969423123,0.31144332930880447,-0.094664147623801778,-0.18388871416036481,-0.47627900900541387,0.038482755985156193,0.37506207115844936,-0.40747629258525853,-0.53125612361523478,-0.030554891592130977
-0.28705789214189431,-0.18357782027256508,0.33226127321325533,0.45699275911009818,-0.10717161739428853,-0.052910748611994164,-0.28001591357858163,-0.2682076940737359,0.28924706442053461,-0.31340510265945931,-0.33357261035960506,0.14562075938029073,-0.29268535734127255
-0.18851217170504161,-0.2757226645137863,0.27244437965876955,0.30026691441988268,0.12597901921469024,-0.30864938595954172,-0.29162527743766131,0.43305434987729347,0.20123033956236719,-0.16296342567981265,0.32595617301518737,0.25279222350382413,0.32114704063005606
-0.13163119393068348,0.23272721858194872,-0.36382253421080141,0.46636347501992875,0.050719277693227066,0.16667364703262794,0.28541372221741368,0.1129409260877727,0.20391144400965816,-0.13698679033326006,-0.25979516032530769,-0.31739229759732401,-0.4748722926180719
0.12260436832797855,0.31580470688688345,-0.35761854697863948,-0.088168323357239203,-0.074104955017985794,0.051101669760639429,0.10937301983689247,0.61341507941838547,0.1994277208001993,-0.38743106966773366,0.27165091145227371,0.29799192138291541,-0.02756416118475432
0.19156083972451962,-0.2419760976467128,-0.21026208104847763,-0.36036247587722547,-0.25886694764196905,0.060887527314427849,0.021624427432719726,-0.65927856091562842,-0.084873026267986207,0.17498472064168658,-0.26063475789211021,0.20320227813155986,-0.27892795824464239
0.56956685165657139,0.24500513469632851,0.15258894580488047,0.1800050164094367,-0.11980117121692004,0.015266280558434372,-0.16598027077440272,0.38229620918391893,-0.3557089950916984,0.15873640840040826,0.015935520277202547,0.21581954220503882,0.41597778692758419
0.20775531328141619,0.56370778318093795,0.2498524943559397,-0.11339281253297319,-0.33357204925938,0.27917895046387675,0.014483634071647157,0.25572812068823303,0.36309600383290047,-0.029477585226987957,-0.36432491271734158,-0.20571240526182563,0.034804433386270574
0.12084543178193974,-0.098130170416412699,-0.077246319212801229,0.42700686547223043,-0.1485002554225017,0.41758118018384022,0.1212692846396015,0.00178526076246571,0.1102721035291514,0.32677197446232603,-0.57191042023423921,0.33755545696978395,0.1279223374103772
-0.35244007427444762,0.33959195866164421,-0.0034731089155955411,-0.0053224699996542134,-0.089558234764870404,-0.3802236167926713,-0.2828711094714953,0.13497024275056707,0.59204830833248856,0.092453314646805507,0.18743168651958447,-0.18496558641886007,-0.2849341629974555
-0.53263361835038181,0.011977261814016673,-0.15344773031633538,-0.46158026946948849,-0.11618496984624579,-0.24570011928166949,0.25400165856066548,-0.10734193631930379,0.052124123042273637,-0.052749888263907162,0.45865028384547568,0.1396290803184676,0.30707157987220962
-0.093703137971794387,0.30077744027812098,0.25001684708431104,0.19557500878529965,0.51440066562839959,0.0022554404929389341,0.21034721434177117,0.42726726943990306,0.25700357601027457,0.28926291172435792,-0.08584475858883947,0.33138380269035073,-0.20413188407469077
-0.30867706548496865,-0.43508899638553694,-0.64190483827292066,0.21269155995685912,-0.10726682717996547,0.012414105237039669,0.00052687117604994561,-0.0025977974244471352,0.30358975692801282,-0.27976095151710834,-0.080208641232085515,0.19871521094207856,0.17353706616322806
0.16816960386067129,0.1810585461362145,-0.55082503360419999,-0.30371075367918465,-0.13616013445194847,-0.12641816762722491,-0.23200759401888352,-0.22496016562203788,0.20954381685561205,-0.26239021960930115,-0.19732503146852817,-0.492518429604203,0.10031850512609333
-0.20066740455807408,0.11887918452225398,0.44526453794926546,0.41105570062805935,-0.18710462408767803,0.27108602871175058,-0.38592272997688165,0.17556892451568321,-0.038062440441859066,0.49859079573371218,0.085628934179522484,-0.16715529997491288,-0.069294435086519543
-0.33641811788166881,-0.0088289396875032879,0.011204785886493943,0.046544425897182003,-0.46758849101911215,-0.12046338011916688,0.46917218328095073,-0.32578372200573491,0.15557623915825006,-0.054491649103380946,-0.43409937547209732,-0.25293219505991277,0.21320109265334142
0.17397179375941679,-0.40163963658101354,-0.050139375383405085,0.14698570913476433,-0.1132749245484926,-0.62711070647053579,0.088073838931266732,-0.44041694499136924,0.24600924763424828,-0.14624678185575563,0.23220851497476319,-0.19052104913245524,-0.065952958192957531
-0.12624283704376588,-0.176484470610519,0.093920812716889998,-0.063867666882022014,-0.011153634147429441,0.38301221586918738,0.43931584701152365,-0.14409420689090366,0.23037456987234944,-0.17971268443686544,0.18469158116361378,0.64298072736925505,-0.21570159370536662
-0.14249066242428496,0.22411733871956577,-0.23743946225796039,0.21400758357332278,-0.05658990847548976,-0.3552718323365181,-0.065073072042642108,0.29586398417230986,-0.43113897589733757,0.2841296571626345,0.55933365201664609,0.013605494033510931,-0.16263723051988699
