0.036485864007561014,0.24545484086672165,0.31227920141661358,0.4788941571963522,0.0019796403180858818,-0.59917783792271118,-0.047242798271901969,0.22720207908564075,-0.061761064300545072,-0.19994224862976001,0.0073381961513760601,-0.076753995486507215,-0.18335504009725268,-0.10527325813595745,0.27124659039650501,0.17160042670841627,-0.035111487766346629
0.14961638845195205,-0.021388735201715973,0.10335054161209979,0.23748858096547598,0.21971269659258411,0.0060445146753923835,-0.062914481638550609,0.36646704635365734,0.73261767955783141,0.2229603676908484,0.26530216399577972,-0.057139867446834816,-0.12307825986397189,0.19611939855352212,-0.023522569513304586,-0.067790525913094313,0.068254147518246752
0.1159361831692946,0.099260805500132818,0.043844008527531425,-0.25285037426949819,0.4806837476477801,0.19420287338964334,0.046678628746137735,-0.019640893606613311,0.2229092509191333,-0.035513716011190535,-0.44363536594273906,0.41805258592196248,0.047210658471304387,0.24479218923269561,-0.37151729103693382,0.034602842315989604,0.12493849528060108
0.15212174855981114,-0.2187288458451675,-0.38032710016135446,-0.053073267250849453,0.17988357765900173,0.35564592447424931,0.43806923437854056,-0.31656827404477478,0.33872484502814726,-0.25953579988933317,0.06194515705761721,-0.1214841344985951,-0.080755917146096839,0.17903554477861527,0.28561546570033353,0.056862254409681762,0.080717007476312247
0.071262371317464449,-0.46789913300212604,0.26390495612329989,0.37238193487693078,-0.2210733850547249,0.25561404709509455,0.084572274018983554,-0.20309772048731076,-0.42591402760400188,-0.087519687290018786,-0.067620377019212322,-0.24290973478370628,-0.24220011006575931,0.062558883097692614,0.1310991343376281,0.26198656354049116,-0.063452733155690444
-0.36545869804046555,-0.066838105026224448,-0.10316059954167493,-0.40981666008755857,0.081150711581688226,-0.3659814872945929,-0.3008070073173183,0.32380219631240359,0.24556622498022698,0.0031200874946994365,-0.36359321737209788,-0.0029304910324803616,-0.28042228802521557,0.065995089767020884,0.24945979566072807,-0.078932398283815375,0.05955293948377096
-0.20096432655128235,0.18795544669652506,0.23760725925514781,-0.096193026754254798,0.020852313450415164,0.083044557629166293,0.22721623772551172,-0.17192324957160046,0.25289773751193129,0.071102513251438682,-0.0063243665626696449,0.05175745896873906,-0.70714592360248674,-0.14368297684924189,-0.075609958771021432,0.4127301055428812,0.03955901054433348
-0.20086614149602319,-0.27777315133363994,0.23499696189191077,0.15908199915398666,-0.094554314832143924,-0.32467520887921053,-0.41011377753460182,-0.26433777941142905,-0.099160189175797941,-0.26205586475680365,-0.38097317687308468,0.15937518118418939,0.35230547861197664,0.14166600450787037,-0.19452993099345059,-0.088976450525706532,-0.10270245393675852
0.55562203586320058,0.13249515148356147,0.31011627527745411,0.21074675500586304,-0.023427217002577369,0.12387044853826186,-0.27648803756592771,-0.49968054909386156,0.22695057300684546,-0.15877143104842223,0.079374361424724885,0.27750660281095063,-0.089152312779543691,-0.068029729846082063,0.12003033495474014,0.0036271249288888363,0.06404787630932203
-0.18848838907448057,0.23147905753078579,-0.34740923075523461,0.16671555098184396,-0.24227902171975094,0.34431564910308798,-0.037692677304047767,-0.49108920142952134,-0.16718287854230285,-0.10599176751955459,0.056067963247620652,0.19265115516021489,0.012905431198069519,0.17056037184722184,-0.43032630210388784,0.21428920486414477,-0.052537209101308671
0.097379769377516509,-0.15747227472563674,0.40713999276184909,-0.20611026957080625,0.32239190161264092,-0.2148651773279755,-0.046970173668829995,-0.13407730253675162,-0.41292479806716587,0.3618286437944771,-0.20301321270464495,0.28815178752800158,-0.14549306460823327,-0.32845882073423666,0.17067180805821888,-0.034499498587228915,-0.046298591807752393
0.12250291673752357,0.096283091487500361,0.30268626414574168,-0.17495964878463405,-0.028605032057730385,0.27741900019871363,0.31785559100696437,-0.47118553309851108,-0.12607133425047551,0.058012973100006922,-0.24101965816309545,-0.30891376043808871,0.44045835883290146,-0.1159661965672012,-0.14077423955707738,-0.22841962634222754,-0.021045317844666411
0.097481101437651277,-0.16116227868595148,0.018765548178705752,-0.12424524320013104,-0.020274568161823832,0.084222931903689166,0.11348615685362783,0.02031452935900337,0.21520813768449557,-0.37014080053227633,0.49960140955464871,0.30641030460914531,0.49831430500282053,-0.02542856758660882,-0.32224227916402354,-0.20714838859500762,-0.073599472278091493
0.32394824626756391,-0.067959341156677511,0.13817655110808638,-0.27699826821918422,0.2830953127251204,0.13134965869774803,0.033990689890982445,-0.21167355329072229,-0.18785439189355366,0.29167363949059977,0.50598656371434247,-0.14072528075544841,-0.09646004395758892,0.36759507010831383,-0.25715000171092733,0.21097516140526218,0.0023244654339736846
-0.47059670410765309,0.44165114751571033,0.14764451033933795,-0.18936118164933308,-0.1686024741219565,-0.22578576771585546,0.32477506188608041,0.16559835157345593,-0.1818638670504199,-0.085567322261193068,-0.15779547100128929,0.32914169358070883,0.14642945045530811,-0.21202874650496065,-0.23585851093693494,-0.08029430684337599,-0.10683960541355747
-0.11434990625254353,0.45515350001481436,-0.34785369323689602,0.01557893406841613,-0.12652940996890949,0.20406369672273827,-0.18562906188105233,0.22544991757253799,0.25544643888233443,-0.30653590123468705,0.27674569061444138,0.25371942694989935,-0.077492815879113289,-0.2781575143828921,0.34524186495483256,0.11089836247239485,0.023043420265630499
-0.12842025507270455,0.28428370782365975,0.03312953902802316,0.3395834089205596,0.080032942699935272,0.32800062513566747,-0.24316738225015527,-0.032630053804156081,0.23368355414744385,-0.31041843073704334,-0.47572354790058147,-0.43266375440966565,-0.17622871104894702,0.06916228779206203,-0.0084865943927714595,-0.099520413683367448,0.042391457542834167
-0.041926411000336186,-0.10144766687097782,0.0010758957509934915,0.18376924411843001,-0.047864405776909862,0.011757839869115601,0.58717759093977817,0.32001060675887816,0.049753949299642788,0.27215661299919652,-0.33695370581674355,-0.2322824489257273,-0.22831643969414231,-0.25709054855977403,0.20612022018540546,-0.31355926366182496,0.038706294439959502
-0.064621913275698328,-0.58742773834674744,0.016715313113027729,-0.082944732355016204,0.5409116353123401,0.22505799481184194,-0.14887239421693771,0.21417601413663784,-0.064912937371645357,-0.044274202922945344,-0.057985779012606938,-0.34267062518368419,0.16256641845618866,-0.042336043131825221,-0.074663506842175972,-0.26202730926771373,-0.053944821468132738
-0.15501487511534867,0.01384113251758449,-0.073055027807912828,0.091758271629643506,0.39348616280401777,-0.27626463718259575,0.062398284385687883,-0.27802220457668353,0.47098284174549593,-0.098596400113011948,-0.12344919520059569,-0.0025385582568944894,0.14270619177875404,-0.61355546185581045,-0.030084353986179393,-0.071405796150001907,-0.0082059980522006023
0.17397731098941446,-0.16350449256480618,-0.041236881878866899,0.13404218611111171,0.086336364435155383,0.59065957344150921,0.10962313986530824,0.073494174917292446,0.078611220637758619,0.37133979051692334,0.088235348376054207,0.19877322173395368,0.15203943206077242,-0.47616401441999584,-0.10890010823149184,0.30147516545835173,0.074934378765975279
0.20680934405932236,0.11795118290080797,0.051656181093909528,-0.56075188292346523,-0.34124244307101315,0.080328470620519704,0.2313502321459398,-0.022786642300567154,0.28729100003964375,0.38785818637711239,0.086560136174138436,0.33458044838150258,0.0007563728898144366,0.052678945746762781,0.23328145315053345,-0.17163357979879434,0.10101662589558474
-0.12293519504878463,-0.24857654234768689,-0.16703889507767974,0.053215546653086546,-0.02964213476998763,-0.21752073402677188,-0.38655547756485825,-0.23803156815042864,0.15865758128423424,-0.39292178210078932,0.44846399847824098,-0.28522868835310927,-0.39208112175385695,0.010150860277754227,-0.12757216806122129,-0.043154497300352514,-0.063889989367922881
0.36269638129092396,-0.032214212912590127,0.14976172317998324,0.051193036532489078,0.13904391888874315,-0.10481766057995326,-0.018060398169998149,0.025975771193939047,-0.094034180243826454,0.14515045025586823,-0.31254590160702767,-0.1340558205038154,0.12561711392836261,0.63187887971573553,0.45269863487751266,-0.20391120392748208,0.062530087234308446
-0.4659643962230271,-0.4601031388635432,-0.075636096411535167,-0.46593699862971455,-0.12801965966380296,-0.055599928342205653,0.12350628329080772,-0.27847881709708883,-0.045574451574000197,0.099320853307928586,0.13059765131840095,-0.036510487309518572,0.19510130254250707,-0.15294360208645144,0.0097891230909880091,0.36860417593656658,-0.091257791659184781
-0.3453646103952458,-0.010303545482395057,-0.34777719411135077,0.24407205939468199,-0.11455358879201129,-0.066637443047562014,-0.37016642280668927,0.11406737985228894,-0.41939352453485318,0.18854512285256464,-0.12498455055744823,-0.20765048321461693,-0.023437733226330755,-0.50372063728409155,-0.045032375800546164,-0.00019513506266137913,-0.077508329435055326
0.15477827435702537,0.74757921624825119,-0.13843752563878786,0.18706515994202311,0.24115670427525623,-0.033699067759369011,0.039348575430128659,-0.11738935046900119,-0.02916992304704771,0.52512516691384592,-0.05011553993719621,-0.027212248367874187,-0.025347185689713843,-0.055975036039924549,0.0014220714766682969,-0.046815194294238853,0.050607876338275182
-0.11627547290813356,0.0375250437510041,-0.43839003674887594,0.10711386866280141,-0.38473573485295481,-0.18430074867405299,0.13356503738189268,0.15824267157684496,-0.033923378812869644,0.31968044701498693,0.22058863207607154,-0.21004535944308336,-0.24032522712327842,0.39247422021599071,0.21408934660078843,0.31447289618143653,0.062446023191001343
0.0036597176058548492,-0.13319965713432041,0.17855885159892818,0.37148286603401659,0.015544121501153132,-0.25744068252429825,0.5452576779109406,-0.30096595578208724,0.13933675713496102,0.29828638261751589,0.02828743245187151,0.35282156080803334,0.18314765138911066,0.2175939176046206,-0.061460312337475634,0.18486128978083891,-0.073783031810160285
-0.18834757190709542,0.015655248117947152,0.39180532547891672,0.022322463785672719,0.028578396970904665,-0.051778984007936228,-0.038999686953699174,0.31261655457924037,-0.038000608964013839,0.4357211628519333,-0.32524934007162054,-0.33011444289876068,0.17308639886663266,0.13776053069343142,-0.26132089444099355,0.427924196192288,0.033440643658426111
-0.11222723289484042,-0.070570405953172252,-0.15739596815687984,-0.13925093291657711,-0.34015888058376403,-0.11054852797916401,0.13180302111341188,0.21817552636886328,-0.2287372184972431,-0.56941429470218374,-0.043041834033281025,-0.4162557071150163,0.28716118893057413,0.035112570391601185,0.29049820387984437,-0.15850278257896661,-0.021848758336629269
0.029928988277165718,-0.09263469811895246,0.0090140609870641014,-0.24214819691484113,-0.058020504112532845,-0.19499583901406362,0.079849868957536332,-0.061166428642692068,-0.28345827295408521,-0.43663611121819734,0.12528893900199564,0.54190657249443652,-0.24677316244873929,0.38634967411356735,0.21048658879446164,0.21176833275881796,-0.025014859896752527
-0.078807110858417989,-0.21980947321281868,0.28776728585734901,-0.21979984863994598,-0.23228454425717177,0.039505751905686233,-0.031737261839909318,0.63608764118147099,-0.19232863098350855,0.031883805357790486,0.44456646467797739,0.0068284804508677317,-0.26906755366217994,-0.20245280021809858,-0.027917692208377965,0.026117118278749619,-0.051777025290671262
0.25357365300331414,0.027554589631360819,-0.21153306338148248,0.19865353279570666,-0.26974674201942728,0.47276310060303894,-0.12847780814936979,0.027124855531004608,-0.11487899889574175,0.14452174405190688,0.33711198919519569,-0.2163916075652291,-0.035349776669857218,0.071491843141439373,0.067982764563156148,-0.5746688499597622,-0.037959864168641881
-0.22201215154992904,-0.077546364090217618,-0.12530624735466792,0.26750238458806869,0.50874859529497118,0.049901564858124484,-0.38634737414018644,-0.18924794385833404,0.036880251686907506,0.12289980071536268,0.0026629757128844877,0.12482694606506194,-0.021839513386704347,0.18252265725669564,0.30653774251369498,0.49714903152902956,-0.063845153833518534
-0.10439237083138907,0.077770707063150382,0.13410418189701889,0.37269273668562275,-0.29182106151921505,0.19726781575068433,-0.23053718071233395,0.25998263155199625,-0.044427626490043629,0.2867216223701497,-0.28914894462391838,0.54054680795173371,-0.28487155810828302,0.17904219388608944,0.057474109907218407,-0.065213494330448471,-0.024750909494979351
0.16931060637269724,0.33122596506229945,0.20700568187132268,-0.28503998266373576,-0.47245410986839825,-0.17402648397104295,-0.30480882236136075,-0.12976661167610856,-0.36810722472091822,0.013047176454231531,-0.15756561933192867,-0.22228617322431926,-0.33181648586506746,0.12862258698985621,-0.1580628831093038,-0.084120788483418557,0.075238837638471542
-0.30927099054988522,-0.12447184093966772,-0.43953338153155808,-0.054134861029838312,0.33105735729638108,0.010405837515585671,0.16774967877506403,0.03590749031033022,-0.019336472607069617,0.27440032050963314,0.31344622138643674,0.40628872213730916,-0.3180619403835005,-0.035861654438498654,-0.11917353220212099,-0.29113135635776627,-0.1149074957355104
-0.086545922642231571,-0.05185325094177106,0.072902348357575072,-0.11150027235051785,-0.047880679516297688,-0.60692972578236537,0.007423758619774826,0.020787088831367595,-0.011811572222665908,0.38355809420987991,0.28600794998099022,-0.30143035403698154,0.25976331689740395,0.01212677053572395,-0.082303453725733236,-0.44219564605207551,-0.10525443380646686
-0.12928502738250577,0.31430665887413628,-0.17213480965214006,0.088811396205297821,0.21347984642629914,-0.092251841050798949,-0.36736810981141027,0.45972444893483733,-0.25383065961144569,-0.16314906031937715,0.17295581971657503,-0.0073255965555160578,0.1091685640128285,0.46893129076933809,-0.28103456145367661,-0.10535264097817257,-0.060662763912489051
0.093234630875894564,0.0933676177515608,-0.14354756418895673,0.46830603632651702,0.33814610073935375,0.18647493553552461,0.19157790485207843,-0.017008861313804413,-0.39781901920771534,-0.32047328310800838,-0.16805125247300834,0.3187438627374769,0.23286616064225427,-0.12926648358169748,0.17800778386243704,-0.23287962435001588,-0.094382884437043554
0.19508254730375121,0.077118204255721329,-0.4848872929862888,-0.44926778069161016,0.21432515444701006,-0.083504560389493152,-0.38252923074861833,-0.36007175441726103,-0.20113808135642447,-0.071133672537271819,0.017339587546049359,0.061225946617558306,0.26622911293303259,-0.033614684572782688,0.14232819565672802,-0.20823472785136046,0.0704065534716177
0.12657251521779958,0.055507675835749622,-0.18090528890898447,-0.25390224508120957,0.44297248384508064,-0.26140737166881534,0.36192195163576646,0.44183246103761664,-0.031684497783286948,0.064497348270780921,0.14070787976756727,0.056984907872889325,0.33064673466019001,-0.049743217710300124,0.2514631029619635,0.29206236547946901,0.066315863676077974
0.1779687246599497,-0.28151194444764871,-0.071497325058282615,-0.25215975615818753,-0.31249197428601583,0.3950344598227617,-0.489755879447828,0.1630767844633722,0.19335948831946137,-0.14412669766450262,-0.045054717706761581,-0.028580690191707017,0.128211616439522,0.33172578256179119,-0.0048812193050940906,0.30453843001421183,0.14131013880364224
0.044279185695659119,0.21078362465953046,0.20200782209598597,0.062267034737400598,-0.30734935386283102,0.032716403065334715,-0.19070221169439514,-0.02640934892953261,-0.41858137122648009,0.18772677570385271,0.30180408331827135,0.16186200235438877,0.54034684165980928,0.046368939697676456,0.29684283491426811,0.23016656171818523,-0.11564028744270338
-0.10932949466410652,-0.0054836619289449625,0.18503703479775088,0.2430800045549284,-0.75480765221746393,-0.0080483804178101623,0.0071764178508284173,-0.058307363034250617,0.41221096507304017,0.031225588141575847,0.046206292265369056,-0.16374724819800257,0.10797292322564715,-0.28955645379012085,-0.12870020209566668,0.051160730872423094,-0.083165053079834281
-0.44553504754387246,0.18735992385792999,0.079051040996834201,0.32044437354753691,0.19989774200121144,0.20235059965615737,0.32830524734247957,0.031825169516285834,-0.018877774722131927,-0.031968430775853054,0.48014780084216452,-0.39934921393573936,0.12493351937242517,-0.079256005405809363,-0.0097937319506475554,0.096527932661238283,-0.21226293492013099
-0.376476465563861,-0.21093657795353291,0.21967016658127561,-0.14814967962156902,-0.22378165657015389,0.15381454266272276,0.25524027002476518,0.015203680391024838,0.14181037378020905,-0.060435079625173325,-0.021232052615134361,-0.11003623855302823,-0.18625661386337758,0.59295463283730343,-0.27321030486097658,-0.30908693392683678,-0.10800624785945233
0.12936677498257498,0.34644333778708808,0.25717699134338595,-0.30979474275341623,0.39181315122688654,-0.033447141823463568,0.17109326826635537,0.05743282742262807,0.033783608525279424,-0.33686212163432211,0.19175350681241546,-0.11100908066214862,-0.28287571631227371,-0.022998447350064274,0.13053436578205851,-0.5017957306349583,-0.028725439640908342
0.21559090606682263,0.20205692136965619,-0.40810959539166586,0.18103184702437608,-0.24778605589633307,-0.38793933794735652,0.13199275146277753,-0.047640507370714895,0.28147376749057079,-0.23668623611244199,-0.19411985064086337,0.19908402978816719,-0.11593651362734379,0.1914763785727332,-0.15152026452837841,-0.43541393730868594,0.081043425806276562
0.063820494126243521,0.14412711835205858,0.22108935406514998,-0.18892902256803698,0.2540685380388612,0.10985799600613082,-0.21299990252828857,-0.0093579853466290285,-0.29548352459584987,-0.51399173692826439,0.020026197518736136,-0.11284138531895639,0.097118399889809512,-0.34731738747637442,-0.22805682384251852,0.47046881238457494,-0.021426460905095288
-0.40121548787937755,0.15936952679797065,0.00053612253437442534,0.098662231517082449,-0.19474358892260929,-0.09207027361838778,0.038848849016526521,-0.54313814924978066,-0.051310431093254276,0.034741896418993806,-0.044049979654495711,0.029202742420753512,-0.17044539572559153,0.014087297112595621,0.54622521663758905,-0.30437575023448787,-0.18464303356421097
-0.37320987547762713,0.20609434088776066,0.31635027893591799,-0.25715587472045559,0.088721721983976806,0.30040469485421267,-0.54082317612135322,-0.14003692184272865,0.1897511678904151,0.23674917037770071,0.18281636003797463,0.057358165557104698,0.045872587899405771,-0.1400527338577576,-0.19254988379856627,-0.18854290648608973,-0.13677679883630739
0.24841027566023491,-0.34275926741528645,-0.26986545139144008,-0.14930495017003048,-0.24310048178044655,-0.015878694189021901,0.20669010899112322,0.21825913385375523,-0.49715754765882453,0.21644984718587032,-0.21245285958081359,0.18219140893618133,0.22239016296975139,0.15307972980861245,-0.34840320001279051,-0.086130959610268745,-0.044057359082297937
0.35258962734008426,0.1878942175700215,0.18600076759647333,-0.043884516449586457,-0.059454773269608768,-0.030964062258054769,-0.30337995866824818,0.46074747071140393,0.067121559772801556,-0.0058164246431421738,-0.27440058895045849,0.036658360645311187,0.3706565889427737,-0.35405258449006516,-0.018613006731754915,-0.32033932950399674,0.21943332540864535
-0.21706224379557779,-0.13683518155850466,0.58655421757612825,-0.039132997981140387,0.067434528769238652,0.25596298455273997,0.14377046806628557,0.15240810892274215,0.2874614461329435,-0.24990214458074458,-0.16066210388197272,0.18430283701264347,0.20686514766207229,-0.051840082028008772,0.45256879969512798,0.11565517343656968,-0.077974330253108209
0.057679098622131622,-0.34721594612440582,-0.17830369639487195,0.039023215937764429,-0.052136432318970589,0.01480178725161352,-0.19701754498271104,-0.44474034180852773,0.23063599426953846,0.54033742577089339,-0.30612610325309442,-0.14940562551726344,-0.23120936286561511,0.05753246092788937,-0.17726855626335616,-0.11885927187440817,0.19934857663701444
0.27082249890145205,0.091348816774832628,-0.18726531204469074,-0.010907844327854858,-0.2185464089076892,-0.21101893811516126,0.42262719058185255,-0.27767844684121001,-0.31950814617053608,-0.070038934891330715,0.40750359952882687,-0.0031077281163669982,-0.13220509469165917,-0.48079344935011181,0.014301694539551942,0.021471928664593201,0.11290191667926631
-0.3227854119714052,-0.34366851378918856,-0.24118015433531484,0.32943988498583543,0.007278079804303267,-0.02178604056030187,0.18831937435717772,0.39148831013127949,0.1623276423426612,-0.37326227591889038,-0.1467879864153703,0.14124828172643836,-0.065841558795627891,-0.02907779674108997,-0.27949653484904124,0.34682438402687149,0.10482969250940234
0.22488634219013834,0.091919477138304839,-0.15378342792055064,-0.15154120299653981,-0.080975537744092219,-0.41720098412697421,-0.30084925828760861,0.065574798841278092,0.18467894753351571,0.19956094231074953,0.095001068381542861,0.33588194869041943,-0.043245242385369843,-0.13187785408689243,-0.32359797987551264,0.37670739318754359,-0.39658546711728893
-0.085898760078205433,0.026769840792901442,0.36272147112098457,0.37144417564760202,0.13222575078862711,-0.0045898266735974799,0.03322161111152238,-0.056771506722667925,-0.18067957257585154,0.0016652547521151925,0.10799737209273412,0.026572382442616657,-0.14911692734423643,-0.1004709655164676,-0.52538711019526807,-0.24490245828401991,0.5358910661998868
0.44608960643204443,0.371682132873141,0.11692438963908172,0.084330323192492382,-0.20368665417015058,0.25746588294233974,0.37015729221387206,0.28929492661145678,0.045718338641934184,-0.18979674506311314,-0.034754145052570753,-0.017788627912789151,-0.033815176203097499,0.24043363445464599,-0.1043223510307905,0.23315082923765265,-0.38698464013680445
-0.21534210212607172,0.06352016005925129,-0.3813932592977784,0.016083164520880378,-0.025826467349726771,0.15707803041946858,0.0079579931702911093,0.11133214181348111,0.32412350493747116,0.20414895970801655,-0.25722732182821179,0.0027045098413224699,0.50807399315282198,0.15991754131468433,0.10008333959542685,-0.11153605588532474,-0.49698990890183486
0.091713804138221444,-0.2286748160631773,-0.095288250366285868,-0.26361709894999746,-0.18487546178733916,0.29843633847268364,-0.054480674408741436,-0.072686707092423142,0.049626778774285049,-0.28908404640244201,-0.30712512184022556,0.18534957411929087,-0.30494033752568978,-0.36962271030344829,-0.056397179882408534,-0.22436201768925884,-0.48102668626399797
-0.043477135529185078,-0.48560086663860186,-0.10058669523526211,0.19481751002422015,-0.087707673464611668,-0.16301858637084074,-0.1208960579601553,0.046133425327272395,0.030728385511592553,0.027156170656011829,0.23860000125534894,0.22601103321191479,0.13043528470366164,-0.093341763967733277,0.44489980139576402,-0.17096522778289114,0.54830148320369865
-0.33762519118388151,0.15394867539894799,-0.041801479856187811,-0.27274837982096239,0.11424397402581034,0.48790220749623214,0.082391940546287498,0.099394993909926774,-0.43862051609784602,0.082795473444551237,-0.088195817022752948,-0.039392946128059263,-0.098205973625788395,0.1244148048641552,0.24008688916166945,0.023628254785980064,0.47592554799994169
-0.20410098310230437,0.36089826305086353,0.14844658769463284,-0.17500168613489811,-0.020486714437316852,-0.25363379511682987,-0.0066989106149447069,-0.26587036944877662,0.31092533529499949,-0.19222821841171564,0.14003945387761374,-0.13611626204696381,0.25714125899245155,0.31064875873749404,0.035303827337371065,0.20913235275927247,0.51046997907081093
-0.062243570779074955,0.050656639376950773,-0.22949376509069455,-0.067039113892098698,0.3340867005337535,-0.35897379764374621,0.26235063103910156,-0.21539032182419079,-0.2297588299057681,-0.093365868055736989,-0.31237242086080791,-0.32581326234282171,-0.19649207457946047,0.18662948547941632,-0.16884820586028254,0.12337990035814833,-0.44529981297824395
0.27194028540948345,0.031136637097035184,0.056352207348380583,-0.22755698415338185,0.018596466819280223,0.045668761376971352,-0.18676873423835599,-0.027884351434096944,0.15797857069571547,0.20158448100999604,0.06064365428287484,-0.56934548020346221,-0.085416741337528385,-0.29230928756364788,0.47260535280115068,0.19504837808611386,-0.29062654421246126
-0.029034467793661617,0.1892006322137576,-0.39913480452062539,-0.42424697838398656,-0.046143951203791965,0.13271808011553141,0.12078715242552436,0.20861000634378568,0.23011747083823542,0.031865145163506026,0.050349188927895978,-0.42617304146524793,-0.042694035868322676,-0.18575415405427184,-0.50126607477855434,-0.028343217012056519,0.14031629827561476
0.14425781741737845,0.12851228148332575,-0.1938800380562995,-0.022381304541773641,-0.25696617548833967,-0.081596153466183374,0.10589876286799572,-0.17535842175151187,-0.041277371477139113,-0.029075108129314135,-0.64588890307174729,0.1252730898675132,0.1102843090886062,-0.18229412074772225,0.29242223207763857,0.4638368166625042,0.1687159653094657
0.42016830995759769,-0.075579354718796982,-0.29076787053067804,0.45751701926013244,0.056360137353406607,-0.14098735268372853,-0.08740785041570516,-0.092939874149664287,0.030288502369092522,-0.041822173916404727,0.067615577655258954,-0.41601145220664199,0.45044258844800816,0.025672904448816841,-0.19693782185060119,0.2229962887053536,0.11033298465891282
