-0.20890065262594459,0.73168240634628123,-0.076303333515417418,0.10431429139857852,-0.26336355032210562,0.1889180830183376,0.1611377260609001,0.1146348825955803,-0.24014367410095211,0.0002269517736095354,-0.13236965436356926,0.31688608534309909,0.22108532950061474,0.033419875880383185,-0.18584298604030611
-0.045259990119067901,0.12210982710762576,0.1156515689543906,-0.55966700992035501,0.18145462189583375,0.54377672140948663,-0.1500567523200195,0.024284299756403512,-0.26509516449956816,0.31779001040875249,0.052032182549851577,-0.11533860667767799,0.11058037749716328,0.15115647730139403,-0.28698438572888318
0.035443796749150776,-0.012926536386639771,0.11257879007122003,0.068787169321329111,0.058314696506041916,-0.036566482571703376,0.26381125002989708,0.77375076037454749,-0.19383676175314685,0.37755589419163799,0.038885883746502856,0.095411727089802237,-0.10787744568269098,0.30794490346953524,-0.10460591315236915
-0.081191561892070621,-0.23716443996450431,0.15527098463276393,0.5172955852681892,-0.04674214635495369,0.43857339272292239,-0.0297738839649229,0.082922590406270008,-0.32576579540006001,0.20798656646614724,0.16740748610023995,0.08528234961935327,0.20026268537423542,-0.3058885466463368,-0.35328460383370658
0.090106857655215242,0.028521261662952886,-0.17623048522910176,0.25243267282721232,0.13421210111660167,0.17217101172979887,-0.087442531177785401,-0.19100214126197068,-0.59990946954406732,0.35770930231492121,-0.14062662236462711,0.16026465099930556,0.025306696263701915,0.37748224538001768,0.35785876776801534
-0.03367430712079264,0.04880123165099385,-0.062015789097706324,0.31658149800105967,0.05714005759283132,0.45373465644895694,0.015208286636600002,0.030665803357414704,-0.048820345092875389,-0.28887771959599945,-0.081154834383045646,-0.098695802064238891,-0.31257691778120139,0.58489784798772304,-0.37434251182526951
-0.16493779673575504,-0.19144890228453287,-0.79959482694509487,-0.064745836704341156,-0.061504899769070961,0.053752113060552588,0.062415668800803369,0.0989421075308662,-0.18305501008621924,0.21701307380824256,-0.091177583975889667,0.10140783297729243,0.024506322642498447,0.047353346276939726,-0.41255050731060938
-0.76362152440273956,0.10391150519403763,-0.0065945101015804719,0.19936296806114848,0.50906690790481379,-0.037523534772315632,-0.039987973477868241,0.052432748658668503,-0.072620301358436029,0.17290455607368616,-0.010813385754395072,-0.06976129925827676,0.13791331290311667,0.17552424652460183,-0.10680832158180129
0.1582627443334868,0.26852299720522782,0.13196607043715652,-0.11692550643433559,-0.065150363295731664,-0.36559916234911422,-0.01803050001707104,-0.34825041870080925,-0.31740249809291776,-0.2760705539718421,-0.013109246502667333,0.50327119771076856,-0.24814280602165323,-0.18548948218518505,0.29301308500754414
0.49281693954430478,-0.093885905655183149,0.11457254209303254,0.3810000403923125,0.19908987407861614,0.068283114499749761,-0.02095287824257051,-0.044449943010304166,0.15125171459872619,-0.47945617711227573,-0.10612948365342142,-0.39996692682701107,0.045564590812456118,-0.3120219103865583,-0.14102729919009821
0.12996328846801192,-0.30631110453848964,-0.13524482265811189,-0.090028503119428824,-0.076148188212345244,-0.14694285263004481,0.11648306527416766,-0.33688925861390023,0.40440720022174265,-0.17970512217525342,-0.41980373531241727,0.19291607037076616,-0.47170686027007119,-0.018383344795793059,-0.27621933599329596
0.15969957320913677,-0.038660951471073318,0.257003803173314,-0.0024127246917931095,-0.27897626842104351,-0.42350724698997394,0.055172200981465871,0.14493287486129514,-0.020165435061193764,-0.26767346064122954,0.28945802428368145,-0.33554862253728712,-0.56355660163728138,0.1934119619543658,-0.047646217085812161
0.57092234592579738,0.070426027056718341,0.12901869938213215,0.15824422766382734,0.12413167451159789,-0.39744036878207278,-0.12375302594945121,0.057166347506379063,0.22745788065713746,0.42296446476571747,-0.2652132100517538,-0.028073669714074056,-0.2003479145289514,-0.006691117820197991,0.30578457388220665
-0.055553383951660082,0.064526413243899877,-0.38437895436902775,-0.036960125963034315,0.35439399589984899,-0.60056251856310694,-0.34470015941325238,-0.084177680125831211,0.16726519815713653,-0.12092189192600913,0.19945650689088626,-0.12117396330075676,-0.14431656460639189,-0.31317942981470187,-0.12445080644681435
0.19824024197124626,-0.25597631507652846,-0.35259673120315765,-0.10218237907526793,-0.20650118406611526,-0.37840018890086052,0.22490454674538057,-0.31559500179736494,-0.27941191829859113,-0.073958500071247685,-0.23138822595644915,-0.43225708115079597,0.066963340707400953,-0.099397940074712157,0.29344151414054276
-0.14742359230632945,0.41719555986210133,0.13666372655422449,0.045365146148800987,0.1804415118716112,-0.28176213728125932,0.49504861082477319,-0.33333433199155704,0.37556404137627336,-0.019641885751576639,-0.22049479179647893,-0.13708812466271497,0.1288141376188448,-0.28484228339058204,0.093657701259035497
-0.41446433300235824,-0.39818166200980942,0.47524364729694141,0.09771472821353723,-0.093770703514724746,-0.35005487152105225,-0.15431746689476428,-0.16722770872578194,-0.075269877289972989,-0.20420555985261343,-0.18880925130379261,-0.10249799988647015,0.0090905690846423866,-0.39599630336255948,-0.027197316974754412
0.30495798203768232,-0.20999909008008941,0.39288558604652923,-0.59191192582532237,0.24485511287266509,-0.12691817169754999,0.35070823334929679,0.21276453483993676,-0.04478312316718925,-0.1680923564699047,-0.21396303134515657,-0.033015500281045128,-0.028329438886200396,-0.17897904229004274,0.062354740926423985
0.17521409993058884,0.45949893878578174,0.21156252747342572,-0.3708978680536904,-0.32121904807354446,-0.18589797404795066,-0.4052692389589051,-0.027391249581597641,0.010406496970130848,-0.10384583410765626,-0.21514533474683409,-0.36556927411875101,0.14606659954862011,-0.24292368947697343,-0.043995574613992686
0.26120823123264325,-0.030691734204923375,0.36045660017772513,-0.16863616321800171,0.019328779512272683,0.037117359370732107,-0.024029197083848982,-0.42838451047702908,0.1625839625422042,0.27053450217117841,0.4024623079263065,-0.045142087658314137,-0.2502095929644268,-0.46562058391635452,-0.20874774805856872
-0.29564513841433132,-0.13283870619432683,0.097062226336007418,0.032738823467401409,-0.54860374929133504,-0.098296847800283749,-0.11962298086337191,0.023067810821747067,-0.28415970673568119,0.12286488217996303,0.057701536958036696,-0.29105031395990144,0.34968897434979096,0.47514466779276315,-0.16449222933665397
-0.15493513696582267,-0.11553480812613756,0.25440126132289248,-0.35387406448270975,0.16506426509954594,-0.25487027468590401,-0.53710367457359742,0.25975541360624027,-0.15659683787395029,0.075726287202609668,0.19480906134994211,0.044730105190448344,-0.014836126792566396,0.21171957295934296,0.45748002619416878
0.26388803507794356,0.17134913165318996,-0.15768271680198956,0.22364268784566349,0.21716987814261804,-0.0052305959057265383,-0.55316798284884017,0.27779006575747234,0.050808961909404066,0.075971448555866281,-0.040135413417089635,0.046249677091323854,0.49390713326477442,0.26661720806801403,-0.26198921438848582
-0.064213148504037573,0.10770557389281647,-0.10182453171568892,0.064981261410666374,0.082164796162805601,0.033431927146111741,-0.19300433621855426,-0.78099833871368762,-0.20528077282185528,-0.15025768698186012,-0.1055394252637783,-0.027185594703744091,0.27954941387734239,0.011104516637633182,-0.39967633760743304
0.050570101966548389,0.3309629665536834,-0.14651848196040276,-0.38377720092516682,0.18840353020275322,-0.43831795403017115,0.098882942998598997,-0.085414650114838925,-0.073307101392391244,0.019978644103212467,-0.23633014889862769,-0.016894062685953056,-0.03442188578005128,0.62473381617121893,-0.14516860165693932
-0.0058833346801948514,-0.033293908874676079,0.10294697805959374,0.11451015694287218,0.048233638115413049,0.092286407652057284,0.094670252580035932,0.079311337771029985,-0.13845148523601455,0.20739533033584565,-0.86132577509241537,-0.23075486008744389,0.16465706834302887,0.014112315692472129,-0.25382591485742723
-0.11452746601154071,0.4287452867748941,-0.13038448079562165,0.2778072370863659,0.020166969216818247,-0.11505030916598467,-0.14661181514379965,-0.14065079834092117,-0.040585713913569257,-0.47394503983275432,0.20543106220224425,-0.28533196130098465,0.17029046582326593,0.29223323313837102,0.43551872218418086
0.16942749879088176,0.017572297310779576,0.30224871689008426,0.22818983538116736,-0.14459875472731282,0.20957220077799429,0.54478837973072269,0.13047701248268279,0.28398464290596936,-0.29307760371667951,0.25956990302329797,0.43950030212429592,-0.1323723021794812,-0.061416523396641214,-0.023226869009994867
-0.47682433747537278,-0.019052630576285149,-0.19379731051497731,-0.25643605752379023,-0.17941282337450729,-0.42908805283658696,0.37998224484502335,0.32398826189780888,-0.030987956771191906,-0.30714913065173549,0.18866319065356316,0.15920032925171682,0.13313502155187923,-0.040861127203541035,0.16632597159917348
0.11771450042193442,-0.049122197249836345,-0.12530751286143305,0.045397245561527945,0.26393765877194431,0.18273728238735654,0.57461234221813029,0.018371735210229227,-0.16926665261194271,-0.12934517397942555,0.080068024197435611,-0.13338720008538579,0.6229197371403048,0.26174930286426185,-0.079173562725855504
-0.1712292364185386,-0.32511724815543874,0.18678312603663022,-0.13695180524857783,0.066961236822698514,0.049673760668757248,-0.038237075630261873,0.043660290657896034,-0.20422642433824462,-0.16066380907977612,-0.23431632813775286,0.68503550506184741,0.24022691750759551,0.30799059822382652,-0.23822205708714697
-0.025181504909334417,0.12667102338103711,-0.093804375108663657,0.018995054725282168,0.093888283411550463,-0.09235497860972243,-0.025527759365489212,-0.082860833873598438,-0.26227845160685204,0.019921560958809242,0.79596569819761098,0.29993488369550125,0.0057500235900475073,0.30634639999503238,-0.25041540115170308
-0.36938733280285702,-0.098642170512310307,-0.081072092911576216,-0.38007563052238874,-0.069910976918571607,-0.098370699608630846,0.060946011161470699,0.18819399605609982,0.24351636177870328,0.46485446570149608,-0.15089763977924217,-0.40230309052068575,-0.37517645168803221,-0.20471047028954428,0.080157982227034824
-0.12045057708198731,0.063540003325705446,0.18897610720739447,-0.11644126544831648,0.0074568204268777114,-0.17465588943528476,0.15639996469760747,0.18697270501505023,0.20357320664268752,-0.12942592156974256,0.07382408049287964,-0.0914903180777734,0.14615717749453053,-0.058963615790908329,-0.86333744415511859
0.0069535266778808606,0.032994730091390694,0.053550069747986768,0.17181984167376332,-0.050178216697845446,0.14001607388485937,0.20480954976469803,-0.27014349372984425,0.38245873501672445,0.6188219800567214,-0.012651713552204876,0.23754857508966104,0.15668873181305154,0.37628614955064904,-0.27835080678515833
-0.0387940253999094,0.060589752693052501,-0.045055364236054045,-0.036992021815546318,0.19202180049343925,-0.13653500078517272,-0.13428953972517904,0.26775624531082987,-0.78061986293024377,-0.38930540926746315,-0.057494486771551494,-0.16928718153610495,0.012205860831410386,-0.057994327351788756,-0.22311898457861765
0.18672412267890481,-0.27628592649640926,-0.20782033323693852,-0.17597365957241226,0.10774563017184602,0.27213982153593219,-0.44391446997507134,-0.018852197392446764,-0.22062359686940919,0.074843675247153893,-0.30992798304146768,0.081344521160572836,-0.18072527320646528,-0.55791671333333415,0.17515189797992992
0.1145818578980931,0.15228191226977991,0.1159998865528953,-0.13108930439113686,0.51940119893978964,0.11890851354895622,0.061747056489729869,0.20260176626058213,0.56283829832235721,0.0067232776962117989,0.3712912593484563,-0.27289639786291192,-0.10129667730893102,0.24806018614580597,0.057507863440166687
-0.24053472204614493,0.28906121423907483,0.26185925002639998,0.361070975400759,-0.26420098778331069,-0.26301240373875012,-0.18379465887372462,0.28347999595604789,0.35198633439385696,0.25549698498607237,0.39796496967590894,-0.0043488768383828586,0.11189276729776465,-0.20314714770210043,0.071890200018907585
0.41952330825752315,-0.27155506544847535,-0.4438534538432366,0.0076638608620211643,0.22818350128795001,-0.068062691995435118,0.015356904530182553,0.30239770655312709,-0.030540265590511647,-0.39338460651604717,0.075611842480959507,0.2327765242304258,-0.20230321117272404,0.23675056136976719,0.30372575504398353
-0.29190822925499321,-0.077197131914232012,0.1681696031933434,-0.088220814493406449,-0.075468054806527587,0.0011512951244686842,0.62358019554888933,-0.28432035587891952,-0.4537224997753998,0.15291234711877019,-0.027306352707628181,0.02424334869942546,-0.31910376988045086,0.056074644591753924,-0.24865223077326656
-0.24868279301209217,-0.31389714426353743,-0.21521668840554087,-0.37887572192349406,0.14825598213859423,0.098083392325146096,-0.24854516173263005,0.044707068208842751,0.22039734161725086,-0.47689245757118365,-0.2505048768686246,-0.3427205638774849,0.24980530664075987,0.17772887358914086,-0.064692209270809653
0.11827203729731571,-0.40479947588800858,0.26898383008596205,-0.12992291541166359,-0.13115453531924592,0.40338903265916803,-0.023655395750731265,-0.30620809951868599,-0.34855624926901707,-0.40698768481710129,0.2996611767641138,-0.079580546712133091,-0.014302492217102206,0.097997517733591027,0.25612740856181282
-0.17495630850916968,-0.25184502557878025,-0.27354545680301329,-0.45287860812577962,0.40832208589534646,0.030505618983726966,0.18369429214132729,-0.45607506376008095,0.10374383582857533,0.15060830780647785,0.153330936300246,0.2528571815413842,0.037464447661453071,0.012887940781936211,0.30687161355734188
-0.17005995733711748,0.2143199705872525,0.19868050878136786,-0.17265780331770214,0.33984260903800734,0.21006309643555837,-0.1657094516670933,0.045677753807073403,0.040407816789110443,-0.37419020002041986,0.27903411393270106,0.21113489144398329,0.40300451115291119,-0.48532609306198587,0.068214275241138614
-0.34937664744077046,-0.32893840673165869,-0.24520221677921078,0.30313400192761469,-0.12301433583324081,0.065433378587884464,0.2647192520385428,-0.29530618659803493,0.33798291485806625,-0.122430253215353,0.41395024376159822,-0.35122925698179347,-0.069111316302606571,-0.057788387543955599,-0.094714137172592819
-0.06589742356402889,-0.45595311579510389,-0.1244277181893249,0.17954576872379391,0.30416800178220693,-0.091780626841060572,0.14998111527982308,0.34879655721348485,0.48486844932457729,0.13029873853261292,-0.16051587277656712,0.18156161765356907,0.28265220511455352,-0.32283805095897805,0.0053196403013717726
-0.031555756096435572,-0.14132999458844209,0.1889414234631755,0.098058908751731164,0.1334067500982152,0.21787943489342229,-0.22065630406339456,-0.26878036635474678,0.15590501928455527,0.34074762240601419,-0.010706528839558787,-0.46617136998984104,0.48388785429337144,-0.1178306372203478,0.37634764387082997
0.21615649572678267,0.18089880724102081,-0.33780700428706928,0.10699579946124264,-0.43651043070005707,-0.04739240788668244,0.24688998952835037,0.33626688958890694,0.50095788399190055,-0.092522492834722594,-0.20297059590060618,-0.26089280360989497,0.11113160293962933,0.21574444318810665,-0.022262172392539713
-0.029722359957027569,-0.19695974918894016,0.16022842132083853,0.49115276740051467,0.31916727508584486,0.084376963648451264,-0.42486786862860743,-0.31619057420930818,0.27562208530264631,-0.086915421328560519,0.16011978209095104,0.36156416759419785,-0.16503926218866685,0.073176691126474985,0.17737317056855337
0.73403653666539737,-0.0104526171084258,0.014453915519563562,-0.065766965897602253,-0.36855705511993875,0.043098552624353477,0.10831514274915276,-0.056211563954201751,-0.32532261229351916,0.052450430418573064,-0.057863832724830311,0.13619094193376846,0.025410350253975637,0.14042866060061751,-0.39129944777572562
-0.073323027829600651,-0.086285304538536972,0.088043000782869821,0.2761923688273083,0.37095720852101249,-0.066967817371437796,0.26771248126624952,0.1562804900125675,-0.25831764441846677,0.072732333121976453,0.28115679052106191,-0.16374892287610626,-0.26836710264749231,-0.40710346720765173,0.49932183892699988
0.027704094531009648,-0.57462825926097849,-0.054215777574438413,0.085932106544888073,-0.45074400427678496,-0.19052468751704105,0.029430407578501773,-0.0026293839554795066,-0.066723961339768864,0.35077885716639579,0.23537267039606938,0.37369744279311329,-0.21037175460899443,-0.052347749725235558,0.2209610020492932
0.37554903439018356,0.18989865850144208,-0.48960663608325039,0.32209410225278007,-0.082734729497980761,0.069295040581324158,0.071718666898829192,-0.25080184661612848,0.11928442954082753,0.12420198744668948,0.26165028117965283,0.22290601716703448,0.28326349484721558,-0.35753479517673159,0.20947069885957886
0.38122413158007074,0.27692583115950081,0.07059519733369668,-0.17074681433447189,0.10231908994496429,0.4531864943318139,-0.033162690542852986,-0.24423908715342513,0.26645615158337954,-0.20947256720809099,-0.39576766579666439,0.20998376190948367,0.15844955931845434,0.20745838246774487,0.28895378956965501
-0.14848628337241676,0.14346677154840268,0.13328171373082506,0.089633743953340186,-0.11985773382020669,-0.17903815449912153,-0.50357850081226518,-0.02057455966669177,-0.22954121275123673,0.35765677846219712,-0.14791861840773121,0.2024969853989671,-0.45419758096026625,0.05575647655253934,-0.42218362853921065
-0.35845823517684006,0.085226593006037174,-0.30716952663931479,0.041055500328968854,-0.24410211095510118,-0.25337288296766586,-0.34268840794660865,-0.17347298898786973,0.23314593729139427,0.14163997204484013,-0.45708745443534915,0.25229904604042508,0.1831643465833761,0.010691248147983466,0.34092143961950744
0.14319487948910326,0.41931586828003686,-0.17577663870792209,0.27242357767423669,0.074635122020401859,-0.053481848976826181,0.10846155426654694,-0.050133861050227116,-0.19853206171354243,0.38968463802925801,0.16694685354766758,-0.61473972190734816,-0.065310113626151411,0.014517371415649828,-0.27263150049577972
0.17689227966100546,0.33133986318737579,0.1503678480858692,-0.33265742156736278,-0.32323924417132049,0.045315173010396656,0.3685498236037818,-0.029453458189286113,-0.047528491125782758,0.30741080826002082,0.31709349992417124,-0.099252853282658551,0.041608970895137334,0.15113950561169109,0.50068331142969635
0.26402436202770257,-0.2818119920082684,-0.1871900876682816,-0.24791243760947307,-0.15678316636972287,0.017071341539916511,-0.090894178780975873,0.42336020762495002,-0.044236388496628476,0.03316588822551695,0.51092206479169444,-0.36900111300285993,0.25464209319861592,-0.27271514256007928,-0.050281867214358539
0.26448263735381278,0.22604494011790008,-0.087110044516944415,0.10271482511601498,0.68917643705234177,0.097969155501068717,0.18770660392800717,-0.026948054652775166,-0.11619093401973703,0.10588854646282927,-0.12442041483361799,0.35956492856661504,-0.17906450188751449,-0.15425099746172954,-0.33904937671165963
0.23568008677468447,-0.066768334067847046,0.22624477514173191,0.22723102322186542,-0.31559964810974567,-0.043556803085858666,-0.0062539553931648777,0.37782623810396143,-0.23550939867294143,-0.17435664847265978,-0.21474104758598223,0.14034390889903156,0.46351819356818619,-0.14058807450099839,0.45452719220799054
0.29843694511352226,-0.21213938100094659,0.19832206558406873,-0.13074969695589625,-0.14426547081911484,-0.45249873998652235,-0.034120253242237011,-0.27535337654998487,0.39497264251549224,-0.21929459181654967,0.23935175910579407,0.10184321162767102,0.44576419737040718,0.18655402783425337,0.041120588682660983
0.18047339182487437,-0.63977895415093589,0.086235042362993009,0.029611338147797425,0.40576514545166242,-0.18882342293111073,-0.090014362308832668,-0.11778536141760575,-0.15818593719133073,0.2284199375170797,0.064517833519484757,-0.24998909419322959,-0.053695853955991614,0.28462431207389316,-0.31586945927064924
-0.5073424266040073,0.24383551523793195,0.33960196595318998,-0.32572043969764714,-0.21990815301514821,0.10621624551101148,-0.098834475155174198,-0.31818547642215167,0.32368545552676342,-0.20194174674291562,0.15162741727444667,0.13892850419612046,-0.19626244463255216,0.2515839369791763,-0.037612437280814884
0.25776890665121605,-0.043920936508064105,-0.3779707220628391,-0.18473157959452932,-0.23303925871643866,0.1251278803436302,-0.48097622833378645,-0.32821649282454779,0.1993084726816747,0.16612125540809181,0.21032296679245746,-0.22448918838921025,-0.23855896483512568,0.34362021932643572,0.093131725308912949
0.13469793589028697,0.28587234534494976,0.81094715091913827,0.1974012129139685,0.20404738678418291,-0.051465969242866505,0.0062509185678965183,-0.10040286571922186,-0.21566159314392788,0.010257142739101839,0.024005678589566641,-0.034522816279481616,0.14251254679349529,0.26975775137143193,-0.087548596319215827
0.0026081252922876461,0.044308348911368117,0.07267186424033753,-0.18321395124099388,0.084792205816386468,-0.45692579779086751,0.054145752341218906,-0.035736635532027189,-0.34889612114396784,0.51673582814551666,0.015281450998435987,0.167322320831233,0.48471549727835106,-0.26619971338709553,-0.12734025956959702
0.015214352206963759,-0.030327472189948437,-0.10763966921368773,0.69417677028957403,-0.038352182414361481,-0.54821014091755293,0.22108767217987588,-0.027925484580677826,-0.13318830490066028,-0.092059728624685797,-0.11923210270190086,0.18441825624219535,0.061094226129220365,0.1686020676191301,-0.21706352462115799
0.054373489152405079,0.34897070941988861,-0.3858699805114652,-0.36764203193928929,-0.016379421765746048,0.30833102105187088,0.25607912027250962,-0.072136000209733625,-0.017680056588948979,-0.38088724974264998,0.11955982016021582,-0.20198155895922792,-0.38892443397994136,-0.26718716409048099,-0.044274841555353127
-0.10986659884408749,-0.19242163930322459,-0.012798866180815476,-0.34812810283930656,-0.51214893319088572,0.31207262830626553,0.27921614842715026,-0.20039931855331999,0.15244658625508858,0.023122812071048989,-0.16467869164569962,0.091931220106152511,0.38438891036384337,-0.36698780904943451,-0.099794406084495871
0.17084700181937451,-0.34584202404861863,0.48556673500480246,-0.046066777462258943,-0.28425252961348368,0.33965485951279933,-0.3391925184008639,0.31249575523271811,0.3839986066053967,0.065974699817321222,-0.14079580902216529,-0.060918427709814885,-0.12244980348671619,0.065509996290216851,-0.099043873767132043
-0.21416531168156017,-0.33795147344909077,0.25590986167693641,0.13730806431871603,0.035453586099949377,-0.067472611487856327,0.3412695989131459,0.0044659107645157771,0.20922182685991433,-0.048192797893869974,-0.27744667184188082,-0.086000004616848244,-0.098278943401405749,0.49992137899823819,0.49318876148647489
0.2020526152794527,0.21099705078792563,-0.16285232103643366,-0.51057322042423536,-0.10695030344584822,-0.072405180794559459,-0.14852364862312503,0.28362491399822393,0.37057577399135511,0.1800726772764131,0.12026710691880828,0.5456913192777052,-0.055922525718209506,-0.098923207006123212,-0.11557228734777068
-0.011213910866239962,0.19192424717186116,0.13425144002301675,0.42895884916283439,-0.48603469938384225,0.2910213069790541,0.021531078500613757,-0.28001710454028678,-0.017420754580246545,0.037938150934505609,-0.23978960372801461,-0.16959267061235975,-0.39985663117671399,-0.19866294476288504,0.27176844324531202
