0.0030350283738316253,-0.56993039783529675,0.01680766224651515,0.082124534441266536,0.28850749509065859,0.43724669917976566,-0.092649444225463756,-0.59666374233946906,0.063409917335216753,-0.091865782696688394,-0.0076268268596442887,-0.072673005891139633,-0.10644589251649761
-0.4034511405512699,0.51902000980623453,-0.035243843259529353,0.42321886083863475,-0.16325612829286068,-0.019029565905286049,0.064839477411063884,0.14300317544540309,-0.26751076539325186,0.16022664309002679,-0.20103495239683283,0.085240702578494518,0.43692642848742874
-0.19138988051975239,-0.19384001209046819,0.27840871402334816,0.62921167350375906,-0.38427731429614131,0.10251938024635154,0.13862054075006014,-0.14659219326612444,0.14272207932190306,0.27389521716864834,-0.22268170471680709,-0.18358451535039305,-0.27352224840194023
0.7800099832060543,-0.13309830504178369,-0.013979467558333852,0.37569016983928577,-0.064808864608699765,-0.090189278614371135,0.23744671881393184,-0.32525307627701711,0.065232680899685785,0.063796684506258097,-0.13825103848962519,0.10827523543645215,0.13734532897468468
-0.25280054484284398,-0.2814313522473223,0.00060739290115670124,0.20924121911647808,0.23592025486574411,0.02053849862042437,0.55503229211242811,-0.11366661304810585,0.32996458212833385,0.24067883728536002,-0.086239660501851612,0.3256883911541989,0.39462861737686
-0.5668257686212983,-0.046647559940703694,-0.2451155768225324,-0.1759083381230977,0.092104359066272984,0.13676391822987227,0.28311909153295778,-0.23322907154780495,-0.25955037737149417,0.19794712176437174,-0.49734375660524421,-0.16186602297384395,-0.20896525698310756
-0.014355047982004699,-0.4241637997799878,0.23859713140087088,0.17287865949678299,-0.25503011730033726,0.065561675874793279,-0.0089297123785823905,-0.055564167146460161,-0.13455564440655973,-0.21622570053381671,-0.23804000186793828,-0.26726384431061606,0.68381707425739746
0.27807519103197526,-0.2286088257118499,-0.10165945829117348,-0.20317504826234181,-0.21498953484300568,-0.216304335254702,-0.037996151527402398,-0.30319865124338868,-0.053221911529889865,-0.76129484112763401,0.22055212556976467,0.00750922884271634,-0.036252123364398647
0.26798655194101495,-0.35876245784203764,0.21135036364463644,-0.47864838509868679,-0.34109352590367137,0.13827527230171235,0.041556814491743067,-0.1739550403292433,0.46172365552968425,0.18148559081978194,0.20520981857532861,0.11901913211754175,0.23631527166226887
0.11347207603694454,-0.021262265899734491,-0.51061640875247849,-0.011668765137200264,-0.12287306239638258,-0.26933983939759265,0.17687321155930821,0.083607009231830287,-0.25810134240500432,0.61410809417177781,-0.058848695581843496,0.38904850593607282,-0.036383517021512539
-0.20534549165517102,-0.3074758770438481,-0.18922067189331815,0.17626513609927019,-0.14550535853527286,0.12672446578393246,-0.45630631782151632,0.46975815320137415,-0.41385958137145951,0.26168514326465009,-0.17774811431371917,-0.23637165900928134,-0.055444159477608647
-0.086184797101823349,-0.20965561434840257,-0.5349593834024241,-0.51030692328049365,-0.028795929272743836,0.025762543754111893,-0.1704000432907834,-0.13879284188127111,-0.039379370248991283,0.15994386630997587,0.40613708901888074,-0.29370701997625798,-0.27181894808237261
0.25804848577300477,0.39886035512353746,-0.35046267676599585,0.22467776183850105,0.19900900487943407,0.25180381241140171,-0.28647268662629166,-0.341562985574211,-0.077508364373782945,0.2722081240178913,-0.18236998857066525,-0.33202967248723408,-0.27507865946394922
-0.20340076319408651,0.11803798226266272,0.63998767491516351,-0.060832871495018148,-0.48972247492146936,-0.010293364638385601,-0.453562823225171,0.24404199365272211,0.024957777143135303,-0.029403809355277522,0.0028881784240425141,0.14796903128221017,0.053008173551560504
-0.43584189101150783,-0.25432302435381732,-0.026022807818783716,0.39551069892035456,-0.06459464480037054,0.037036787916697497,-0.12288483802150162,0.3617893965139124,0.36317710358009397,-0.21137325830276982,0.47049910053377297,-0.090231004753122748,0.17502000594804196
-0.42402352897146262,-0.15062774538723978,0.18516467904905234,-0.19155209164339784,-0.24756070516420725,-0.38475023994553526,0.20860458591797673,0.13684859769038199,-0.046396380047928017,0.49602737776332689,0.19487890230263852,-0.34255439404045612,0.22684272562955304
0.12183850989707981,-0.065886628744293838,-0.14886355703454587,-0.017864882061863263,0.17129320545228185,0.072689907856942709,0.44491885072537446,0.11366261719980139,-0.56880167286694527,-0.36901511421590438,-0.27785558577628139,0.3621480516131555,0.21160156522707102
-0.46549114541546316,0.24650028299454957,-0.38235227512518249,-0.085904845701268578,0.1294297623902865,-0.48033326739827409,0.37161598119107442,-0.046574481049002844,-0.027804894880071832,-0.25154555051271615,0.30523261861967405,0.15380336030176503,-0.019294222450597441
-0.50838178255859923,0.14712653967399428,0.15661968012466401,-0.064882963099964858,0.042477108224851741,0.31089517736295308,0.023969796236429076,-0.19088367917037102,0.21550256535430898,-0.6173610416011337,-0.21699600031566216,0.22278020433806198,0.1771910841102487
-0.12726470245269753,0.21898521723931244,0.12547334564896989,0.32240724432360712,0.18472178515432996,-0.096534134401682764,0.05892454336588538,-0.55075265958473174,-0.20660294826903683,0.054303914728496307,-0.10611050756774437,0.57366639411602216,-0.28272131626587665
-0.023823114387233099,0.25486115889115174,0.47173945692612645,0.21359054131513802,-0.25179925987869928,-0.026467458752086483,0.39157397317807113,-0.34543260986585222,0.043184114324143826,-0.1566222531449469,0.48811874593316973,-0.011016639459440279,0.25452953047798321
0.12970991597500539,0.54758272337438241,0.098081289374551031,0.27559930695001855,-0.10977636504507686,-0.44180681742258116,-0.18584423746134493,-0.050990745179871885,0.39314002337915011,-0.3046897973612932,-0.00078997824912840995,-0.049819867398307426,-0.32170442436487545
0.13645811688349388,-0.77603792972797792,-0.14520585892360099,-0.089230367392075349,-0.10583197208905702,-0.17582965867865721,0.3923851886565744,0.19846430820094277,0.0052371362949351699,-0.0079639750063143153,-0.19720684280226311,-0.15039542667000116,-0.23027515113370742
0.44613167050303443,0.34765753388721415,0.25816377306367311,-0.032071760125890317,0.35724014757780154,-0.17284877224154002,-0.36488386216602531,0.30463382417230067,-0.27975528269874472,0.227772881824891,-0.073201525239656506,0.29234111146247976,-0.089549576986914833
0.27888786000043064,-0.045317045801291048,-0.20484855327503629,-0.45255877244720288,0.50300837560351996,-0.11555700460352797,-0.011104573440918477,-0.10159826896700944,0.4241236187016601,-0.10433986469824599,-0.32810764112063506,0.21902095722864726,-0.22402395493531554
-0.24439125109670545,-0.05751628212998583,-0.48874747463757356,-0.39249134985491968,-0.24552976794450124,0.14339912529803939,0.15948076616032034,0.44970014677256254,0.18059105662708846,-0.058008042144563905,-0.17966841545558049,0.026428409811294885,0.4081316749429173
0.2219579194433732,-0.26492216961405829,-0.035956368754851691,-0.38271847453583413,0.45427298434547747,0.24191780866312659,0.096137817762885991,0.10053024208424474,-0.2351995235631488,0.44918865658117163,-0.11987322153038769,-0.21003193367067741,0.36465790450638669
-0.38771159627410656,-0.23800915635395409,0.047386613762831875,-0.29367688005513259,0.23397756395677213,-0.37931455546561904,-0.33348521942911025,-0.033884085365410571,-0.19597131796787695,0.06283752035107916,-0.25727193455024533,0.42262533658713286,0.32618992697342608
-0.32633660222984029,0.063666625439193089,-0.4622211179139053,0.076197319797110113,0.47579455541442062,0.46319325523543287,-0.15997661497222421,0.096802450360746251,-0.12533552390146693,0.087455964821463755,0.18621723122474293,0.36542417837738861,0.050355539781626484
-0.43190093631111287,-0.17552199161503318,0.59067603417972692,0.20035900139168961,0.38523402474963636,0.19973540523990663,0.1130148871031062,0.12526656574165013,-0.41038970156978444,0.028250547596854574,0.083584682516473871,-0.019268042967234642,0.016513162147126108
0.26298056490019095,0.13972862161842076,-0.28972380857065272,-0.24344353522525669,0.056736615322758803,-0.65055142304753344,-0.12886289687838548,-0.0039441026040759886,-0.20291222999878225,-0.013597625148443298,-0.26021105703587338,-0.42882300259695955,0.17915876967731273
0.038731482856670399,-0.16772529909206713,0.16842104372324845,0.35774455888922152,0.0063379341124164233,0.060636879208026538,-0.38971587701160004,-0.21522082623720706,-0.081386818352532572,0.55002164051177993,0.35466683851049646,0.18224376723814584,0.37941643777975592
0.28809144914801504,-0.29498410421426424,0.070153389031394175,-0.10971369435639924,0.37946865367543087,-0.074777104482899634,0.28328962512341299,-0.040598361880696182,-0.14367089658263557,0.059922112270433356,0.63161498241488445,0.36378372447522056,-0.161343481529029
-0.41206698295006272,-0.41556774217749282,-0.049581596023265354,-0.045126591579347293,-0.49053123282294236,0.18503862929257439,0.10273297649053974,-0.16055905046181751,-0.34630175933603541,-0.027150382912632665,0.27400988727138037,0.38198391603701354,-0.012683422175847581
0.19710983516008129,0.10455755596291831,-0.31685973244299503,0.17970925290295725,-0.80190519894888668,-0.094638245556800005,-0.17844564707206667,-0.0059885032138743419,0.034460641208540546,0.078111266777621008,0.22615481195955711,-0.21200255559066056,0.17393354954943463
-0.49251079939510295,0.058271812852204008,0.048530837321173144,0.18611257450504223,-0.11931361376343516,-0.20223079887434384,-0.42927603149581811,-0.47542300644171037,-0.25245276280466084,-0.16514339513881643,0.14094310379139433,-0.37490585426850931,-0.013501798242189843
0.15307382240473721,0.17897736108467641,0.024741420539548031,-0.36159053057393781,-0.38360530291486478,0.082198141863840252,0.030822812602340967,0.30818509970973001,0.18940914895455024,0.41357292689776703,-0.3138264496927719,-0.23774593070090852,-0.44878662563666011
-0.046847401059682624,-0.18255501369279187,-0.37367896057933297,0.4453667913031038,0.076376593012251068,0.10289228781090838,0.38671146532153522,-0.11664698440954101,-0.39066410650480432,0.125393557924696,0.32946224081025438,-0.38587927673187844,0.14535744758756436
0.13619839715043605,0.15066434788517433,-0.41282040025182831,-0.03117519744912798,-0.2209657378241108,0.48293644063246927,0.47498529876425233,-0.19857861381018169,0.19574535121386438,-0.14926481249635767,-0.0066737593178111069,0.23100458025290468,-0.35532496432054894
0.014672233193012649,0.25829437745897066,0.53513230663904099,-0.16548032549083416,0.20272307696715627,-0.16831705020248719,-0.1180592762312605,-0.46056743064307826,0.22963127688670829,0.32054051066912492,-0.31017214597273346,-0.19114434603990274,0.18870910616748063
0.09238248839078303,0.1578825162263498,0.43079432984322619,0.20628704504319892,0.2645040628476974,0.45663441462035731,-0.047594204992384231,0.054308974149498729,0.54229953269182674,0.10620373629893122,0.17202760375327567,0.27211626619586871,-0.21377476672257095
-0.28920866238336779,0.10274539410550083,0.097508532339008608,0.031682080279618274,-0.41961876589998481,0.029981044298470243,0.32027238584925682,0.34024016244678706,-0.28511416936007777,-0.4560915852521264,-0.024212935590988853,-0.41927695504668855,-0.18516065867211479
0.10362962638989344,-0.041797109043198971,-0.20193483476011631,-0.14572936787500232,0.037726794174961623,0.20152601187595925,-0.80293984609728464,-0.026555107921901671,0.28679465534522153,-0.21841633879818814,-0.024963973604326214,-0.083310807817207289,0.31705646078323707
-0.39414316775973934,0.44231476915618828,0.062086497112030098,-0.34536963463611303,0.42951332651188273,-0.0035032636449250959,-0.25020279745056662,0.3106088735428848,0.068638521844486114,-0.086475190106068703,-0.011253891792787565,-0.38274862861448467,-0.15325873543630203
-0.00083502737103669108,0.17093367398947049,-0.38050443893774166,-0.23114193329521185,-0.068688614983885538,0.095327168004960619,0.055410267443608135,-0.65715035930040133,-0.13514625572565245,0.03509281471567921,0.011024422094643964,0.10737907606422269,0.54101816351361853
0.39804341315905972,-0.22200352082886993,0.35099843651428153,0.071760953198682045,0.079617371188858255,-0.076229974867325592,-0.26277348231365349,0.13695949561729209,0.10651850186280598,-0.027031294911311336,0.3356007701747914,-0.64357868655868566,-0.15833608228176779
0.19754238394485485,0.31914256000958191,0.17341540759733157,0.10225318271333241,0.40362646502378563,-0.10641587432362849,0.65608213782322433,0.065575964672228038,-0.049189062116150255,0.071134570500292885,-0.12511682453662518,-0.24464066884899011,-0.35585222788480131
0.17188682331467162,0.081129669437883328,0.085881936976047415,0.57052490335134554,-0.15995365918229365,0.47618688319817293,-0.2754172306579718,-0.013283600253643814,-0.32774347701040096,-0.40610809022476513,0.1322421940100722,0.10933080439703111,-0.02911199296677227
0.047392003572773261,-0.20321855609600825,0.17312356286969771,0.47280590665572636,-0.17191419275373651,-0.64856201757995124,-0.0065250933370048199,0.18927033829439344,-0.39651421248948421,-0.11428927524025342,0.15231310463697237,0.15289669067114189,0.0048750327440146932
0.17418409504731688,0.17863014337037275,-0.11418796342093455,0.09753818001690405,-0.16976305441700099,-0.10125300471625252,-0.091314635667839594,0.12943848704929309,0.21613831421194271,-0.20696186060580318,0.21458049977276386,0.77306419547917149,0.34323783489672738
-0.12866695144741261,0.42244571291828298,-0.35378061442219494,-0.27744162239860776,-0.30276499068578383,-0.0039362873581684325,-0.36242494910912071,0.018755376175712095,-0.37160426064645469,-0.24713345072908194,-0.2011768622458697,0.27654112202880093,-0.25169887836619759
0.077279132141794035,-0.28131508982071035,0.15051597732545605,-0.47970178937562274,0.053692223755586625,0.54014166932779895,-0.13869703137008701,0.37702468341491158,-0.12772589534054987,-0.32000545341127484,0.037537423588715715,0.11534813720019971,-0.26957167522645853
-0.30268914630320165,0.13297946454197948,0.093311319075969845,-0.091927507092330635,-0.23323022050889022,0.74060096249418861,-0.063228454470287063,-0.067450643556348611,0.022001205231220643,0.21144657366251501,0.17531141015419877,-0.3882372387798077,0.18827791974839209
-0.2192589500409606,0.37393479290191384,0.042634437232312722,0.21599955462643813,-0.14420639041439792,0.034305811962966608,-0.061002907900540311,0.1851268002461324,-0.23741311844284271,0.32263514405416938,0.54590771086849288,0.019085234125884351,-0.49479412082197727
-0.33733277656991262,-0.14509245772935156,0.42632391091315119,-0.32525517047929825,-0.038074386846311703,-0.16510069132877545,0.162144595289475,-0.24659907253799482,0.21479144971430911,-0.11958837288419666,0.14705494038670719,-0.02877815943796239,-0.6155581372222283
-0.024327292727538242,0.14501606629825356,-0.0088569082563573955,-0.24491528372864813,-0.024238651963702871,-0.0033689258103986246,-0.19892905623568483,0.27225731238502782,-0.51145003645772347,-0.17034661935382264,0.54344118569981426,-0.063857392759093218,0.4626183171918502
-0.21755546013665364,0.40664152092071376,0.2534577433038212,-0.54324433289569884,0.030304773566438299,0.18596246572645569,0.33126137880201373,0.057226810633441878,-0.106665468439316,0.26510394747745597,0.06759576612613126,0.43450719637339535,0.066515554865312201
-0.259473100681402,-0.26875658682327097,-0.14036395705935845,0.2934701530443653,0.54182509177046367,-0.39544940200779799,-0.12662725355940532,-0.026212425569693554,0.13873778028714462,0.36625578421044896,0.055707248155811781,-0.12672111631107519,-0.33968752363188959
0.29565314596943892,-0.34536754590541818,-0.058401585817690289,0.11156658010606008,-0.25219217894331131,-0.064933256695816829,-0.47594000266958175,-0.045112898242990127,0.13247842211344663,0.090812592122349725,0.078616441853016805,0.36341895899981957,-0.56305417316006601
-0.068661170262686158,0.0622797188338612,0.10757317917896031,-0.14751069219210353,-0.55641036364838015,-0.42393121068409845,0.35699798817119371,-0.20454092560498441,0.080931720971049642,-0.093486052398337363,-0.46424903823744856,0.24812457461681842,0.084250873419249264
0.13709177723152952,0.17575785268757191,0.029466224156663574,0.28560715997994457,0.70061802259463968,-0.15162442274267485,-0.075453907388728272,-0.23417000785352193,-0.035409267373068064,-0.38437852077670459,0.13584387538014267,-0.08997852764315141,0.34342465315694259
-0.3892509322565168,-0.031183424792875423,0.026499803745976727,0.15608284404329012,0.0023020755957782694,-0.075110399149856302,0.14101833499027552,0.55400670897504478,0.10083060593794949,-0.029552152260397244,-0.298168600491514,0.48506211576234132,-0.3933965234762129
0.36550668170943229,0.059801219550047087,-0.53652887575254671,0.15015247146846783,0.10684699457437177,-0.077996312277403779,0.0061849113481317088,0.58504898207759626,-0.04788552361457829,-0.29096704879258056,0.21811901853003304,-0.040425532283407783,-0.23755932788470391
0.31993074096648777,0.022627567907849522,0.28303104533450729,-0.25341494890757932,-0.22304472936835162,0.023830359828011648,0.096356451291423881,-0.36363887713719861,-0.6625284713922146,0.17040831281151694,0.05192650287495465,-0.18726053503973489,-0.23500240640865633
0.49288304329724442,0.54695890614582388,0.14724672093229801,-0.27432137983879123,-0.10304365056374695,0.28970396910593393,0.075158738858268431,0.04194010161526994,0.0057991270089948876,-0.34887102174312129,-0.19412978568600572,-0.19710314129388387,0.2464419016396584
0.10242439238723287,-0.064635319919209719,0.038301629418511118,0.018313780534669925,-0.18682731528964341,0.5082755877408287,-0.17442073247676168,-0.060334806911583945,-0.014440849396652094,0.26260519205548932,-0.6092765753054713,0.43540208930342672,0.16203320833552534
-0.51259895392937904,0.19431728861979086,-0.21082791165916939,-0.060031549738987736,-0.24560841277274725,-0.035687231467199577,-0.24708229541071872,-0.22689652393289841,0.52873408762074003,0.36408049403031151,-0.0017848208700212108,0.24666173553037438,-0.065898447452411149
0.03019036547640876,-0.091999999923915624,0.44338557896325043,-0.28823862946563983,0.18754487735270509,-0.35337693808782239,0.29392944840800533,0.44282078745079406,0.22446844718657713,-0.37636269171785247,0.045205190065063537,0.046479057526977924,0.26866406415294314
-0.15630051475554457,-0.24642251480030306,-0.61324691407269993,0.47837101583100455,-0.092994554077294525,-0.14206011836763288,-0.11308327417091159,-0.167378255096716,0.083776121678525842,-0.27382679677832972,-0.35792815333294564,0.16387986632844337,0.057744165515985192
-0.14702591130774978,-0.041718489966783817,-0.201558907871242,-0.0204672811905879,-0.082535485892932206,-0.070632648594905284,0.30207570795054051,-0.31123687670460082,0.55755165006544538,-0.18650539618346049,-0.063800338492743566,-0.61394455079433996,0.095038633647389972
0.19264005522991165,0.050088195081032218,-0.0078967077592571443,0.34657868725688667,0.23718047389594415,-0.028914585939251173,-0.059973076577867122,0.45630242734046877,0.42339862612253942,0.13713446422514353,-0.50238236340066911,-0.25654351268790626,0.23457975392768807
0.2671355920311338,-0.10686802914489556,0.22407344753382041,0.19990180362935756,-0.2931157244367058,0.2992244122427074,0.36626474641546797,0.59211083972731704,-0.11065570947095833,0.26849054720041232,0.1725943657442994,0.12088151816274878,0.19523819952808716
0.069191542921637761,-0.1655845125202457,0.32725884973619424,0.087556151217316802,0.098288217980794512,-0.12841414442787791,-0.24825524103474972,-0.064017930213280005,-0.22596970039691416,-0.38267723847826074,-0.66780750484830664,-0.099067419854870289,-0.32842768964670122
0.26347081129599254,0.46282914187815194,-0.2028317461998369,-0.11186788381503522,0.18827215016390059,-0.13464344132924327,0.10420166985470238,0.082585592446989917,0.38453115130608695,0.38261507560629293,0.45717344457835574,-0.13853478084319062,0.26268917581446627
