-0.20988221536717591,0.73152565466105424,-0.075827541154565775,0.10472911890899431,-0.26316518793088228,0.18953260513110845,0.1609391379999553,0.11575073339956615,-0.24025415033928318,-0.00010097083841980791,-0.1334332807744229,0.31691042712063811,0.21993073569894481,0.032978048138339579,-0.18495323349600462
-0.046545702171496339,0.1220994092872333,0.11546479955972075,-0.55933198198144163,0.18102100479545952,0.54516555930936073,-0.15017081559712159,0.0250483013044044,-0.26443103347721691,0.31758447127308531,0.052282643359472608,-0.1151987271487613,0.11007900848860756,0.151537506238863,-0.28586565037954309
0.034498524728553519,-0.014091186782597574,0.11219639590225283,0.069196113383774113,0.058056874488100624,-0.035465433948317172,0.26283742803457893,0.77444389541165859,-0.192726005388171,0.37746006371703705,0.039454672090896814,0.096373235874489205,-0.10799417518671749,0.30801598782315948,-0.1037276398229673
-0.079956756082633071,-0.23811520548678583,0.15622113346833,0.51728149560459413,-0.046990202027912292,0.43621264953740391,-0.029994021679740763,0.081242674096401402,-0.32486241304998331,0.20767757929153072,0.16823156421097729,0.086581404559202879,0.20372795646872929,-0.30331758810070275,-0.35631854714318639
0.089077695712822633,0.027778415872771346,-0.17598664034815595,0.25272370478363315,0.13422317288257815,0.17282903705887537,-0.087744499535937798,-0.19052584408985018,-0.59980859972424949,0.35735882436315919,-0.13999241083146441,0.16105304548186863,0.025579649846713529,0.37741182947135354,0.35841647957257955
-0.031999205680729795,0.048099322530270612,-0.060034694911235753,0.31716561318457931,0.057619074911449152,0.45028240657683977,0.015179893848822915,0.028806412571595469,-0.049172029996731016,-0.28906307320507019,-0.081603912214344168,-0.097913407258935103,-0.31002993998978584,0.58713633556307643,-0.37717456212780387
-0.16517057284894912,-0.19127314426007597,-0.79927669780748467,-0.064818630380178488,-0.06138672314002705,0.053484854761512948,0.062148357087272003,0.098526953266051043,-0.18328769007630238,0.21639891724264274,-0.091622422671176762,0.10200783222763057,0.024671237230057749,0.04816226045371836,-0.41320482233906952
-0.76279788746722998,0.10240398283322147,-0.0054486788815711236,0.1995815772811966,0.50898922245713285,-0.039319849713142688,-0.039759688940356724,0.051251434082964772,-0.071661655390887771,0.17224927942583451,-0.0097200623331937033,-0.068458996457761739,0.14127136072137944,0.17788907413843474,-0.10852764893288004
0.15816027489761875,0.26888198678272779,0.13246989770442313,-0.11749444025612069,-0.064857226388502567,-0.36572220749890882,-0.017426596235808302,-0.3479609741982656,-0.31823597360004907,-0.27527874515113809,-0.012442340626536087,0.50258746189872783,-0.24827260368075979,-0.18587062891952874,0.29326813854988393
0.49437414781228783,-0.09322796213030736,0.11508424481296044,0.38041375290429219,0.19961581082127436,0.066413894669534734,-0.020404758844178084,-0.045364286775804695,0.1501281068122147,-0.4780211326685751,-0.10580548393914564,-0.40045096961978943,0.046619122173744511,-0.31159930725884721,-0.14264042255122511
0.13056330553423154,-0.30484599988251937,-0.13512994520092378,-0.090769503356728662,-0.075436017450945664,-0.14744185008785282,0.11692828217304381,-0.33712572231500731,0.40296643261944876,-0.17848868469956125,-0.42066445060917496,0.19114216506185577,-0.47389861400527422,-0.02021282657543743,-0.27576212339707229
0.15946508034798645,-0.038221316878193086,0.256756205867476,-0.002390284331004943,-0.27900392858177825,-0.42300850157276931,0.0551445048334719,0.14573277967382553,-0.020490329879499794,-0.2665112474355143,0.28965262821620819,-0.33639347504752476,-0.56425765836493669,0.19249013204225612,-0.046644856639615311
0.56922334260984597,0.071266874819488291,0.12704379083695186,0.15762933096440387,0.12454354329765994,-0.39461453152783843,-0.12406004771943127,0.059226659254818438,0.22663114007768523,0.42423545849336031,-0.26482899457161002,-0.029190443360098108,-0.20377965307655127,-0.0100679218573911,0.30957533239979768
-0.054878978924825843,0.064942215706152273,-0.38402683307936797,-0.037667787811690834,0.35477786930124722,-0.60157440971130283,-0.34376814433876157,-0.085171276410157676,0.16665912148746295,-0.12032059366712874,0.20091319049267642,-0.12113676438473828,-0.14264802552743977,-0.31193625941795644,-0.12546044083050856
0.19894342844773347,-0.25568363784632481,-0.35231464619247238,-0.10273285623244041,-0.20631213416630942,-0.37915204058048968,0.22512125556114648,-0.31532601993433418,-0.28063399911666398,-0.072873125765398936,-0.23043917484321089,-0.43203442824213251,0.068354511046706354,-0.098465406046707879,0.29282592957887454
-0.14756170818014261,0.41770416853778508,0.13628306190866496,0.044966093230649193,0.18051663736743412,-0.28118962012071963,0.49568425124936955,-0.3320545544576356,0.37473674297570225,-0.018484420073908461,-0.22062346238828678,-0.13793668542883927,0.1280646559176491,-0.285640221896654,0.095264633172170307
-0.41434544391968087,-0.39780616167028698,0.47482521672452782,0.097046757679787182,-0.093395512536304376,-0.34966530498635773,-0.15401789842773458,-0.16682743749583495,-0.07520092685768702,-0.20348886167713345,-0.18867216527918523,-0.10368391100894132,0.0076268882036114004,-0.39811127319895556,-0.026237495382313531
0.30486474511492118,-0.20987805437333135,0.3927815250398794,-0.59236977884556197,0.2448466310037985,-0.12620769747851751,0.3507305371371443,0.2136557380318532,-0.04487911103785204,-0.16678057503183977,-0.21292384182114801,-0.033619694695009208,-0.0288505263117254,-0.17931963649303331,0.063291725224408055
0.17404622918457094,0.46045925762160173,0.21072773653251647,-0.3713451512321152,-0.32059926400605787,-0.18458033007442046,-0.40521086372442366,-0.025697721852126019,0.0096197419630882856,-0.10271085232122698,-0.21533137461266683,-0.3665459573540461,0.14409853398263955,-0.24452710527289537,-0.041812527966301166
0.25867285793537792,-0.02860591979364711,0.35808804255690113,-0.16936158200021589,0.018756574207628447,0.041572910440933877,-0.023493889248501806,-0.42554767900694146,0.16237148484154723,0.27166835218737401,0.40181119658868475,-0.047397727187273045,-0.2553311226203408,-0.4700531466262805,-0.20402411277461735
-0.29623083829250824,-0.13301667227443451,0.095791924495617436,0.032541922675491879,-0.54974764875132331,-0.099600086308276714,-0.11981096103410011,0.021774647950892841,-0.28493304073629339,0.12260709162011266,0.057906942499469975,-0.29212142060520402,0.34795293729336546,0.47355481239588731,-0.16466465235392902
0.26514320522660989,0.17066648496936751,-0.15667577465788746,0.22444441351740968,0.21570056327897327,-0.0067085497409905322,-0.55162508214777306,0.27656350005065788,0.050305217970083041,0.073766583424676388,-0.040127338494643276,0.044025911922462808,0.49640776715429707,0.26792273586388887,-0.26187063288749052
-0.065435135444498554,0.10873555933192559,-0.10185360302441765,0.064685094998752121,0.080959090087058455,0.032833858620268407,-0.19361734714926288,-0.78049457279713885,-0.20610808003506423,-0.15021629945891884,-0.10579825167805559,-0.027983837349178222,0.27785801645504377,0.010005133074181027,-0.40089598266083887
0.049097692703250533,0.330672584119239,-0.14507907333316838,-0.38217668034440605,0.18809592564985173,-0.43921722214782644,0.098195750363528247,-0.086950862841333978,-0.075010469716826206,0.019505657939608775,-0.23713705801854043,-0.01779499156035029,-0.035927989041358799,0.62482886979990837,-0.14623193409136115
-0.0053941890227360819,-0.033620425670585367,0.10377367229781465,0.11411498748503306,0.0491914723588412,0.090852576650969255,0.094398733335630924,0.079501830608785809,-0.13933162289697681,0.20887519670352828,-0.86074080179714807,-0.2307203115857156,0.16531207612732041,0.014425478825342586,-0.25388736629191727
-0.11537410691980157,0.42895255316602365,-0.13088263056557728,0.27835272242714376,0.020026904934533792,-0.11359821989999125,-0.1465200821351538,-0.13959659261225427,-0.040844411898660393,-0.47459169583305838,0.20415847809890716,-0.28594634481242343,0.16810336174760143,0.29029038644765137,0.43696482372363543
0.16936896018188508,0.017874019327422674,0.3017551843392321,0.22852123173623612,-0.14509186674246444,0.21038155603861261,0.54475225281244466,0.13087034901423764,0.284298463776476,-0.29341215351245759,0.25792318723728785,0.43868894136622488,-0.13468535438399276,-0.063114140953558037,-0.02258783785064597
-0.47723230968129238,-0.019298261689821222,-0.19425273010034172,-0.25625595612112279,-0.17980587539886383,-0.42776686833550309,0.37971503284653485,0.3248504269627332,-0.030274979366086637,-0.30818871398938169,0.18778893513384809,0.15908970224232946,0.13172902969309164,-0.041640714985973062,0.16700942254634296
0.11708851963487589,-0.050041593643453113,-0.12685450937417048,0.04463859666013742,0.26284414052805077,0.18149996295760237,0.57528095902103815,0.01684593244296962,-0.17060852680278377,-0.13041274649957144,0.079877145179471032,-0.13495510550185946,0.62245546451552991,0.26065356870429535,-0.079631147960221374
-0.16987170195212534,-0.32606264452251893,0.18814690981444215,-0.13595111791025896,0.065468230492091953,0.04821299989067044,-0.036878540005978573,0.042638932743693105,-0.20500684816108519,-0.16253320096407411,-0.23459890871529998,0.6826270308232496,0.24246494024672038,0.30976381384727503,-0.23864633816754655
-0.026899069383647906,0.12522997162331609,-0.094653544038546283,0.018236019925781503,0.09302562487692366,-0.093206432157419292,-0.02531610742158848,-0.084443480846815147,-0.26460824309694914,0.018313346492800118,0.79569151947573646,0.29811640527633393,0.0066888162490510465,0.30588143859898664,-0.25145527404024143
-0.3708146071630487,-0.098836776223574008,-0.081510109391847357,-0.38101162502740576,-0.072884683752375071,-0.096871200734701526,0.058300132379107923,0.18709437952209554,0.2450656879516554,0.46165870505306617,-0.15209844033988235,-0.40289569215091875,-0.37559212155716798,-0.20524741272660371,0.077290850833974536
-0.12179296301784105,0.062332098844609336,0.18905072143593712,-0.11642926833848428,0.0060081238366098098,-0.17594615009341594,0.15576416504711435,0.18497122169191371,0.20135293507108562,-0.13032695326480639,0.072643801817384668,-0.093097980887651768,0.1444717256090122,-0.060385985875701043,-0.86401634161190954
0.0055980380927525986,0.031661216677303358,0.052548996960894219,0.17122540219594906,-0.051509452478820071,0.13916660681810758,0.20471590479605559,-0.27241038822143232,0.38161127979888099,0.61851933257533676,-0.014140400001660582,0.23621453229921746,0.15632126719657644,0.3771091027275677,-0.2791270332577126
-0.038910509754429216,0.060215560303212033,-0.043960117048764701,-0.037235120822553133,0.19267525322547494,-0.13706474738757016,-0.13414430032603286,0.2681602392155179,-0.78093733026735035,-0.38821433617945994,-0.056259884750968991,-0.16914773570568639,0.013033074820265344,-0.057502179355450683,-0.22338314531226419
0.18591798229390386,-0.27799802184031269,-0.20897542367559874,-0.17443789821994643,0.10701167007281669,0.27204206496206845,-0.44492069561347714,-0.017119546540214456,-0.21974026932155308,0.071319762669050102,-0.31167475590222538,0.08086898221830989,-0.1805233195045903,-0.55657131393358028,0.17587743498869393
0.11370324405843277,0.15253564277380258,0.11479608486121883,-0.13054071520274935,0.51877271272713577,0.12082253016255808,0.061749631625884017,0.20330885729674919,0.56344313167121551,0.006148539454658113,0.37072143683795128,-0.27321358268397461,-0.10292843166932407,0.24709272649078368,0.058988309290993593
-0.24042285514771505,0.28848065707184656,0.26120190346913419,0.3612524387272395,-0.2645568185536723,-0.26305153069314291,-0.18404135294878815,0.28315857346450213,0.35312723070577534,0.25481957685804685,0.39800153152272444,-0.0036632152894993334,0.11308886772989306,-0.2026165004738982,0.071530082240744086
0.42119740835993824,-0.27244685710595273,-0.4428974127892048,0.0086935692685350743,0.22875873626517035,-0.070678993930077622,0.015531818591711256,0.29994627207140828,-0.031101467256821946,-0.39403615841877676,0.075611782485019804,0.23343851868746102,-0.19974826771602572,0.23953838770605365,0.30145677139214183
-0.29251296770998464,-0.077309663188553868,0.16854310302619871,-0.088152948538480047,-0.075702490924845378,0.001462887726678854,0.62378174211968029,-0.28318723260253037,-0.45384323605388499,0.15405813350177439,-0.0267237274811877,0.023803421685611104,-0.31901656515008481,0.056041393962002493,-0.24768815781152045
-0.24858098622891356,-0.31338374202933666,-0.21536969151429133,-0.37904501740261548,0.14842264277950748,0.098209110657368134,-0.24904987518551877,0.045085112838956179,0.21983705178321,-0.47744417270624456,-0.25199885561634405,-0.34329088028589405,0.2476037135252171,0.17660564661085015,-0.06384045557045484
0.11844026157429553,-0.40469720302732548,0.26898630533662304,-0.12951965812317306,-0.13168940740829824,0.4037687856120149,-0.023503084870108795,-0.3062946233648477,-0.34823320365744959,-0.40752060910710358,0.29915507642131256,-0.0800154196281819,-0.014872238847946608,0.097409170111917368,0.25569046213848623
-0.17593658148288413,-0.25140581200974232,-0.27449672928096819,-0.45297763033427096,0.40756555439394165,0.032728572275637288,0.18417204683725016,-0.45536612343619631,0.10409683760585033,0.14964536141812282,0.15309568256255096,0.25235089468247479,0.035639090737419728,0.011792331156751051,0.30836246125448791
-0.16783589031830856,0.21313591170615329,0.19989124171084524,-0.17299399529249296,0.34003696862743471,0.20738133542611464,-0.16604852087121633,0.043616920691711664,0.040728658921857376,-0.37406307785047299,0.28056537103050988,0.21319599032457526,0.40809089118819292,-0.48158052524102479,0.064843006014407983
-0.34753329173804681,-0.32938280829843702,-0.24472524529345058,0.30415219558520884,-0.12390665164842568,0.063232235600790165,0.26533154612075027,-0.29710005424329999,0.33858655230561774,-0.12337586622275509,0.413329925794021,-0.35046910399093711,-0.065229631371081717,-0.054500421851145398,-0.097725372650255507
-0.064764702180845887,-0.45644169692198094,-0.12493358957365495,0.17941075792674205,0.30406181728053411,-0.092383257338624583,0.14986009012195789,0.34748999879158909,0.48544627413391206,0.12952125544399334,-0.16050532492621483,0.18198446714816369,0.28331943031668333,-0.32229396054502096,0.0041042744675817621
-0.030963453708518857,-0.14195296599465659,0.18852910184805616,0.098071439641979577,0.13300975890779068,0.2173443618505779,-0.22080195348243081,-0.26935457298293108,0.15637373027828652,0.34022373783224857,-0.0099843423754121304,-0.46518984696534205,0.48602688424513946,-0.11661993911310538,0.37545342679948163
0.21778763938215487,0.18064852976501258,-0.33720302244163791,0.10731452129435662,-0.43616048560766818,-0.049749426156618204,0.24639245569797366,0.33509602621692186,0.50043262537965139,-0.092776874740947507,-0.20378029675537818,-0.25987881588199896,0.11316614404383105,0.21792300073578055,-0.024536190689503919
-0.028099255835267564,-0.19699895506563736,0.1618926510710551,0.49048920816548258,0.31972673546973412,0.082385313793327489,-0.42524887408356266,-0.31644809880098174,0.27524413791080515,-0.088071758465401578,0.16057688728200567,0.36196488384441922,-0.1638491157839467,0.073748506900668365,0.17612371023655915
0.73355329647201994,-0.010585806566027285,0.014485217255535612,-0.065466486982544037,-0.36937775939195688,0.043539916417296654,0.10776784611780188,-0.057230113897947264,-0.32593557838375875,0.051972344291860158,-0.057531489912215447,0.13439014344297964,0.024282668398328027,0.13962079920612269,-0.39201740660297657
-0.074159371112134748,-0.084445365005941367,0.085307830178112179,0.27617177535125836,0.37004438820397451,-0.0638621054287489,0.26778941739294398,0.15625808119183085,-0.25819831512185282,0.068450638524321913,0.28161862348810451,-0.16259066089027602,-0.26938397444097284,-0.40735030040373632,0.50108231857011254
0.027777609618358085,-0.57491885471008741,-0.054845536801143027,0.085934005114283604,-0.45121797648526285,-0.19037863162150045,0.028753962021012359,-0.0032963098304218336,-0.065966456317667191,0.34985974648878398,0.23559125957991792,0.37417170340092776,-0.20996754291634523,-0.052247254161591705,0.22033479447047374
0.37551585053735037,0.19040995144833853,-0.49003160702128268,0.32188879294511724,-0.083133780472789534,0.069537306456182071,0.071865780269901869,-0.25115837132554153,0.11896748104495089,0.12352390041303649,0.26126781318373216,0.22344881211314715,0.28363540790055886,-0.35693218041452945,0.20867525436702739
0.38161135232311066,0.27714775742636477,0.071171489773607724,-0.17041650089142674,0.10259962605618764,0.45258144991726956,-0.033140618867116146,-0.24461705374532494,0.26575247104778749,-0.20973050348791755,-0.39677853811901082,0.20968832012951283,0.15780839259326337,0.20726113349940345,0.28859651733300801
-0.14906626603730896,0.14364931687221932,0.13377199208635815,0.089323300301011016,-0.11903955780209313,-0.17951420575252527,-0.50367969820341474,-0.020682354964304987,-0.2297570768902297,0.35856705511519099,-0.14702785156400755,0.20226382461523917,-0.45396470822646912,0.055596739670202705,-0.42153566232865353
-0.35748426794404231,0.084872818705794231,-0.30641123582024427,0.041098050359214156,-0.24333547205443062,-0.25543839315744832,-0.34184196561183505,-0.17514398735725567,0.23286179823450182,0.14198686270817273,-0.45774460719709781,0.25265965912727645,0.18441989414603774,0.011938985554646606,0.33989305002852355
0.14152430252042245,0.41964620511535533,-0.17646726798371573,0.27237281635848942,0.074586659813254477,-0.051942309709138587,0.10854498656832273,-0.048305162417593868,-0.19901249620939965,0.39103466854565389,0.16759856913604146,-0.61470595220619484,-0.065625199334675713,0.014290752108000668,-0.2705291930505182
0.17805466587785229,0.32982322316417612,0.15168487055666552,-0.33196726542192057,-0.32422106983823112,0.043257316736164828,0.36853619744414928,-0.03007480291316298,-0.046810763928352407,0.30719782167130544,0.31845771900283043,-0.097168952585343152,0.047057745293420342,0.15624398022029393,0.49854107737753378
0.26324650274151307,-0.28147612588337756,-0.18866246595732358,-0.24788084344294381,-0.1574654022812387,0.019086891127968655,-0.091261042047637075,0.42399196689120555,-0.043379162318998098,0.032561072639500005,0.51088361701723384,-0.36861881948164382,0.25383502179420658,-0.27285002158342803,-0.049732993853372674
0.26405160854474008,0.22633092029214574,-0.086573448416907853,0.10211583430718017,0.68950596322916224,0.09802877098938928,0.18822478323059236,-0.026687681084747027,-0.11675369263957373,0.10713727112715568,-0.12352267468812739,0.35935432806304712,-0.17910748158365442,-0.15427098969735503,-0.33849270339655246
0.2347389184880114,-0.066832801775591311,0.22552583172343649,0.22728460552632257,-0.31559453533613163,-0.04168905567852469,-0.0069075772359409697,0.37918570528062112,-0.2352345341886507,-0.17467381471404697,-0.21553267039290055,0.13984756806133977,0.46059774082523236,-0.14318638232318845,0.45632543365791745
0.29699103941105259,-0.2114787670186612,0.19994705853729169,-0.12966040608355214,-0.14537878538667121,-0.4517191847340189,-0.032061153602577282,-0.27482524906238198,0.3929047842615529,-0.22091624664233608,0.24055349981803528,0.098504549392817747,0.44818569031960143,0.18805070703463231,0.039491604438394612
0.17998492474364805,-0.63905856633711078,0.086364161979093787,0.029299277183972874,0.40453711339650528,-0.18929241974251401,-0.089912468948032093,-0.11737858771651054,-0.15957882915124738,0.22936795628931822,0.064672943160023699,-0.25069826299247444,-0.055078762563821493,0.28375389845760296,-0.31763384992633298
-0.50638904792875017,0.24382732528056697,0.3402502505477189,-0.32522006264872838,-0.22004907485990141,0.10482704573892131,-0.098476076577440355,-0.3192569039507685,0.32408049383314574,-0.20285082142705477,0.1511492547443998,0.13873995859083976,-0.19531857437985287,0.25222465694499696,-0.038847310959765464
0.25710221368917091,-0.043062170475350582,-0.37860328947611943,-0.18433453039884237,-0.23309157094832184,0.1258142316771558,-0.48108594805107746,-0.32835328866953112,0.19889629670521308,0.16535379845951356,0.2095848937055188,-0.22471596162229224,-0.23937887265339494,0.3433846962221157,0.093616010921327569
0.1340823064324192,0.28581409570439242,0.81131204721001815,0.19552134522125506,0.20243426848676307,-0.053254319854395979,0.006456018679309377,-0.10107588930172423,-0.21806961004617517,0.0094727038611028182,0.022759505574541882,-0.036686452592057002,0.14211367677212591,0.26864279251892209,-0.089047780752702393
0.00091447953964084031,0.043505882119771598,0.072636763942799096,-0.18233665581310096,0.085338553138659803,-0.45682010849477672,0.053019946254555382,-0.036629640801326087,-0.35001055269316983,0.51619884546667261,0.014524779561406471,0.16667616578201536,0.48463270792380214,-0.26665099569081513,-0.1285743261489237
0.013960673150347103,-0.029540650502482366,-0.10872593036033627,0.69326477063673031,-0.039446750955908126,-0.54922873648690074,0.22095182339971231,-0.027448296228559276,-0.133451255734162,-0.092140843874600947,-0.11965792787657725,0.18324592102821405,0.05994914816240389,0.16723457884955928,-0.21898891818616512
0.058908100332773834,0.34519632614247292,-0.3856027564170782,-0.36759459699993879,-0.013446991126419439,0.30576228114288384,0.25903466289611576,-0.076484654675946992,-0.02068865250970163,-0.38555309012398908,0.12553003034602084,-0.20245796824890486,-0.38324799417306032,-0.26877333679342619,-0.044603260290612852
-0.10963108993112333,-0.19194131855695939,-0.013083372696886322,-0.34818519486590482,-0.51252243548603071,0.31223766128893266,0.27916140087799962,-0.20021367581704033,0.15243612387309174,0.022662869673380201,-0.16597850945439949,0.091661108495471322,0.38360395473231501,-0.36700447774747441,-0.10000979627300113
0.17351898457643031,-0.34769313902252713,0.48706828447331818,-0.044992687614121514,-0.28427495105885187,0.33544925807511916,-0.34025915487312813,0.30893102725657601,0.3848344120502511,0.066358058091230118,-0.14059126202210231,-0.060527083178931684,-0.11701861613460118,0.070091583706742802,-0.1032043061837503
-0.21060866399430955,-0.34046057917360778,0.25815144545800139,0.13735994635326701,0.035407946064356335,-0.07292187904797498,0.34108427587510282,0.0010364941602976638,0.20981794198843132,-0.048526223908970982,-0.275914462624754,-0.083947026664816224,-0.091246050082514421,0.50535548819106557,0.48789907983959052
0.20294191806323772,0.21050262480783005,-0.16208714982130604,-0.51043392593190517,-0.1068740423275293,-0.074075675530775167,-0.14914591322642992,0.28210470475566529,0.37053181467962321,0.17926244462220883,0.12050492436051252,0.54696430809397856,-0.052793949033513754,-0.096019591622618236,-0.11757613516650334
-0.0068279597696328399,0.18854925195032896,0.13695111890262962,0.42547805324983595,-0.4908549392299737,0.28764968144110264,0.019477952832717346,-0.28472055766070614,-0.015791251637818388,0.039368066842697842,-0.24254889641328128,-0.17173607832846388,-0.39773317582197665,-0.1975882433721122,0.26857779031990703
-0.21290142247011867,0.31856370939014145,0.13863525464138868,0.10350964023816005,0.18044113653277224,-0.057983262885320214,-0.13320390247763683,0.48341399140243058,0.20299319570310026,-0.36140908554418327,-0.39699756672723197,0.089195939624540338,-0.40187473778960447,-0.13355196159365321,0.1384830643206828
-0.35367118117904989,-0.015652732456994702,-0.27501321350358732,0.042952804324589706,-0.094624418614533037,0.6435252671011138,-0.062972047809945739,0.32544560998076488,0.15351333308197096,0.079725372828025234,0.18523810760948015,0.16971697587304427,-0.056055210483474623,0.040376337912931902,0.40795058586789446
