-0.20960318049402346,0.73119338961400326,-0.07608423509756046,0.10450231847754099,-0.26247608512900522,0.18931472504639746,0.16070136953303013,0.11533855818186413,-0.24007374982523055,-0.00015684102369021872,-0.13332507660876838,0.31724999804974829,0.22119638270615005,0.033913708696866253,-0.18631953232898643
-0.044825047495157359,0.12151676158748881,0.11615192924197296,-0.55965339404626913,0.18132696316615607,0.54350150975801348,-0.14993989562034113,0.02375222540026789,-0.26469875893672196,0.31724480792257403,0.052748988713387707,-0.11506987708835111,0.11163469787393748,0.15281049853638601,-0.28749802199940716
0.034404740938182285,-0.014019811093448733,0.11150952010033445,0.068041172840870079,0.057418664286007552,-0.035075018846406229,0.26371226141700255,0.77469223583665903,-0.19258991317484297,0.37726249006288159,0.040104475133205759,0.095989895917146989,-0.10807764478015271,0.30775997288084894,-0.10343664274664241
-0.080173656546145652,-0.23855115432719809,0.15656357563317938,0.51668421825801036,-0.047626902438224802,0.43597092712091173,-0.029948136016680282,0.081871672099213949,-0.32506842410853537,0.2075923901722814,0.16865360067251695,0.086175958891082913,0.20386554885045963,-0.30300781910325142,-0.35671087748099933
0.088625378396572807,0.028083883408514917,-0.17612681561545426,0.25327933001792213,0.1342911332868312,0.17346458092932862,-0.087940981571747512,-0.18946243796774079,-0.60009629123909047,0.35771910194312551,-0.14069339718434459,0.15970995152606016,0.024622939561569353,0.37659917184504882,0.35863410598825768
-0.03230019059254103,0.047949336870591969,-0.060173923278784576,0.31697776336225358,0.057813928665015717,0.45091549655729857,0.015147560169873574,0.029665579562224719,-0.049132536629490665,-0.28909579911730904,-0.081576769317392994,-0.098321104166234255,-0.31142985801749679,0.58621078835850615,-0.37661808746665765
-0.16510016669328884,-0.19175979182946523,-0.79952669586410718,-0.06504684794739686,-0.061010274094328805,0.053900352819591511,0.06226938184779604,0.098323905496657121,-0.18325388109187946,0.21610212233852596,-0.091682945085705431,0.10106499039180655,0.024719033565011574,0.047953719471418584,-0.4129296825522093
-0.76292448679076785,0.10169040500443016,-0.0048372116542785767,0.19886852036671593,0.50886473130676513,-0.039322939829708491,-0.040044770138691954,0.051869721909281137,-0.071844406189621818,0.17235028457256205,-0.0096670933304207427,-0.068692370874378558,0.14117739727308631,0.17815102350020162,-0.10909795354048696
0.15801999023382612,0.26942948329922117,0.13175988255161286,-0.1163855262486775,-0.064535512215612462,-0.36559852391866782,-0.018167721509284071,-0.34762177513790532,-0.3183486860370584,-0.27482611184324407,-0.012970824596764472,0.50303380284509325,-0.24825692323595908,-0.1860517035124388,0.29359808940068766
0.4943671247254034,-0.093520594362316647,0.11604171673657099,0.38115114878735623,0.19970751154841287,0.065697081353006462,-0.020441357079088836,-0.045017788037155233,0.15091279529640519,-0.47798398859754071,-0.10540012902366747,-0.39946813087271127,0.046890119817898028,-0.3113201381800153,-0.1429099978857879
0.13003199303709662,-0.30483218796262601,-0.13570521078570719,-0.090173503492903262,-0.07534659128535208,-0.14651321189774416,0.11663434496056604,-0.33630501159486564,0.40301302186719379,-0.17845202974154006,-0.42081848082959628,0.19155495065085154,-0.47541699044157071,-0.021361132646023184,-0.27431781430778257
0.15944873958629163,-0.03738193731362114,0.25606801748530617,-0.0025933155668147064,-0.27914528557070301,-0.42301415021982514,0.055891496882223821,0.1457285901835238,-0.02023541579373217,-0.26684794126261102,0.28983013379659661,-0.33591605287538245,-0.56480301698920288,0.19188013311160834,-0.045810062780713159
0.56913229661345499,0.071195058854671964,0.12743991275537836,0.15826028291771627,0.12407480670125032,-0.39531901937816971,-0.12356348691062134,0.059420247913932432,0.22715215027516766,0.42481151762617742,-0.26432527967047753,-0.028637050126334405,-0.20270820468967418,-0.0093242359756985256,0.30876146377713803
-0.055420059641325133,0.064786567982074592,-0.38420412059502251,-0.037278021596043834,0.35480212961717172,-0.60109864564179494,-0.34409782218670265,-0.084508830975126861,0.16703607227254641,-0.12004900725554235,0.200476374782252,-0.12127433683688585,-0.14325336555841625,-0.31261552339827453,-0.12457377847974335
0.19898495253737827,-0.2549635197829242,-0.35207090276869685,-0.10171746667670403,-0.20562662689300001,-0.37926132295530557,0.2257899220650785,-0.31598800452803666,-0.28020343854071195,-0.073190337499154712,-0.2308950022756924,-0.43214070337199617,0.068280459122293718,-0.098833952848184067,0.29289589713339975
-0.14783465159794812,0.41751070921682021,0.13673010483452236,0.045737114328533605,0.18121438436024587,-0.2812900417950247,0.49539810737028145,-0.33255825452925897,0.37533258503627981,-0.018438807893236812,-0.22032079813981381,-0.13635116950565601,0.12850857477366734,-0.28513192952651173,0.094358860508014647
-0.41442346460267721,-0.39751418188179755,0.47497708420552698,0.096659341988159536,-0.094081825052913362,-0.34984518714136387,-0.15375656649005934,-0.1661542938310433,-0.075437102983173174,-0.20343505948209481,-0.18874937933590719,-0.10354060878904919,0.0070579006923446302,-0.39830507894496492,-0.026032993112797567
0.30534654367676467,-0.20947284745900768,0.39250721514065001,-0.59211941954372105,0.24497152430362684,-0.12627632942077471,0.35130115452378236,0.21304659188567929,-0.044686310441093766,-0.16686348605306181,-0.21262387928248094,-0.032822134379854491,-0.029414410561081236,-0.17990249501350219,0.064051321630378702
0.17512136986751833,0.4607977138216291,0.21110389239827329,-0.37118302400802206,-0.32022921396563103,-0.18573426486125336,-0.40424217456217704,-0.026532893261350644,0.009975618363544058,-0.10274384780900209,-0.21538057179850359,-0.36621827893329856,0.14511517375861774,-0.24375358291342417,-0.043150118415747063
0.25932823962665369,-0.02896910438919361,0.35843282176141456,-0.16887875079834297,0.018595794492833457,0.040080023519481055,-0.023682642464827954,-0.42655582836767264,0.16229566427798164,0.27161051225724142,0.40247285913320985,-0.046093645320920536,-0.25394718727760146,-0.46875034728229581,-0.20497643600155144
-0.29630229409997788,-0.13363450462496082,0.095500992616059252,0.031876858102984275,-0.5498544146053691,-0.099835274788765332,-0.1204325018758102,0.021504832464822227,-0.28500778686615191,0.1219163323498838,0.056734887342514057,-0.29230168466210493,0.34783996265449973,0.47315610851824547,-0.16527339688321746
-0.15520456507518399,-0.11582271162912243,0.25382607492386222,-0.35419355767584282,0.16403325560577434,-0.25403023484791409,-0.53713699865413456,0.25986079237164855,-0.15600619532816304,0.075074268206263187,0.19552931861445774,0.044412914019067551,-0.01462127491322221,0.21163218450866872,0.45820690811760312
0.26490366986193292,0.16996873439856533,-0.15695284758278591,0.22322746352338929,0.21611807558194437,-0.0067231204100223502,-0.55171926527840942,0.27662160087551957,0.049401885232816141,0.073689764103734887,-0.040179975063232502,0.044659328191359975,0.49651771855764715,0.26823825588573635,-0.26238307327742399
-0.065343344591342487,0.108620812577543,-0.10198384172070768,0.063854500104753423,0.080795476056510732,0.03298101721715422,-0.19367030834520566,-0.78040923924346828,-0.20634993110003932,-0.15023054426905158,-0.10559502086785733,-0.027930309032441307,0.27800160872024987,0.0099292849537721082,-0.4010334568537382
0.049255912865225716,0.33055841434669941,-0.1456035126953702,-0.38262528224941317,0.18808991248665347,-0.43915962072965276,0.098588344934083361,-0.086556536965423064,-0.074744991068293687,0.019491017254444371,-0.23706960959605339,-0.017797701351544737,-0.035930133642513046,0.62468316431178628,-0.14576115748307633
-0.0044413878384358839,-0.034253952079975176,0.1048228479362573,0.11408229280257955,0.049359507225830594,0.089532715171086422,0.09531231680719536,0.079281247333953683,-0.13880706161575856,0.20874488938994287,-0.86005402014379817,-0.23018762169590862,0.16660197339495231,0.015614799065652602,-0.2558530681263036
-0.11627368853628924,0.42963755302571932,-0.13099825766384715,0.2787282379035938,0.020637995777026023,-0.11246989799647025,-0.14694535280150473,-0.139003795880493,-0.0406402846615165,-0.47439188223118339,0.20316328980192511,-0.28652571784635772,0.16679134390682948,0.28923345403517858,0.43761248628685984
0.16872669310644917,0.018078780239512149,0.3009983267512793,0.22832096633779275,-0.14525565269167032,0.21129064559014354,0.54398037130794885,0.13092875771430437,0.28424866948117022,-0.29334534157524944,0.25846253956517268,0.43963690740373373,-0.13511758063899063,-0.063386453600152465,-0.021614474565465114
-0.47683215429174497,-0.019046693583273863,-0.19467124248981751,-0.25680365227111757,-0.17951259700218536,-0.42787345085255019,0.37996305805354963,0.3235010571546369,-0.03042289908912511,-0.30851138623658048,0.18804796795010678,0.15944419668534004,0.13295217938125894,-0.04097580162595816,0.16689329848048076
0.11721478058862143,-0.049950467133981068,-0.12644403230615264,0.044749627038545958,0.26288632947653123,0.18165009706005872,0.57512786201498567,0.016836407130244892,-0.17088791237753573,-0.13033851578305888,0.079619903340695783,-0.13467137685645314,0.6225732517136312,0.2606952971461553,-0.079921921968194434
-0.1706344767455639,-0.3264851537957893,0.18857756111313695,-0.13757286599177837,0.065184267002557444,0.048201645399965347,-0.036520813420471407,0.042492108116960171,-0.20471971280527518,-0.1625111100747984,-0.23366067936268181,0.68273540860601545,0.24264645021913117,0.30929876887454799,-0.23770526319450472
-0.026792084752439844,0.125363286075997,-0.094808308119555679,0.018100794271134896,0.09290334347626944,-0.093360945778705587,-0.025458887107843265,-0.084346455747794757,-0.26466744245713997,0.018428156288950486,0.79569085237986914,0.29793378424701739,0.0055510927601380537,0.30579599734100121,-0.2516371766710655
-0.37072059741774027,-0.098178027912277727,-0.081502391784117903,-0.38027282742795449,-0.073113557612802332,-0.09689970156204121,0.058138100302771202,0.18758307394344909,0.24436227674745886,0.46196205022097081,-0.15192567967460294,-0.40340420367702817,-0.37593192134116971,-0.20515828059115471,0.077599652857285872
-0.12144088821932902,0.062478714926989733,0.18822852735738149,-0.11657555944851171,0.0059962619942027524,-0.17600205911259648,0.15568376605392428,0.18500268292753536,0.20138836196362461,-0.1302269757534362,0.072792914139033577,-0.092738959657362646,0.14449338279648105,-0.060413920289661527,-0.86423881747617515
0.0062385174767499146,0.032601451996124756,0.052441327623974951,0.17115683933206818,-0.051622981460249066,0.13903546076664258,0.20532858537937523,-0.2722483531535031,0.38163829285908779,0.61856642454436617,-0.013115242977905615,0.23615650383629036,0.15629924652009844,0.37656743415603011,-0.27952117168122442
-0.037518884548633114,0.06001594873867705,-0.043414009100135778,-0.03724418252667569,0.19286744171461817,-0.13883488837999475,-0.13360504927560918,0.26771592903953001,-0.78052439485053737,-0.38843305892824659,-0.055923651930075431,-0.16888718474600611,0.014874538860503049,-0.056259242347494007,-0.22491809003485039
0.18587006625634334,-0.27742425654328362,-0.20815879457413461,-0.17563860492395775,0.10704933717038055,0.27090513748701489,-0.44558191765961519,-0.017697732060059618,-0.22074178150591947,0.070944509709943301,-0.31129401611181856,0.08064652709705139,-0.18104616974145038,-0.55699730388997204,0.17439005534528715
0.11402308090178882,0.15185387839685524,0.1155275975521891,-0.13070497085283672,0.51869834312635676,0.12013573782379998,0.061516776033497665,0.20246616539894519,0.56374891105334368,0.0064356592979449194,0.37133538648288589,-0.27248828296759953,-0.1019842739357909,0.24785424269692755,0.058520843463999148
-0.24084662455863759,0.28840294176847336,0.26117447786106363,0.36023246367205319,-0.26535888263228524,-0.26331140181819968,-0.18388256861775631,0.28311485154858568,0.35304370972850563,0.2549037949320222,0.3985105345467454,-0.003447244231846999,0.11420250853720554,-0.20159980397737781,0.070703836625438984
0.42142238095417806,-0.27291273050472731,-0.44300579377929578,0.0085901693733362976,0.22911869759376713,-0.070795886491392221,0.015413030298178962,0.299476578722781,-0.031215266929687877,-0.3938181913819957,0.076324879579736701,0.23316161449190831,-0.19845341194029212,0.23997712753816694,0.30155084358929124
-0.29253190367106291,-0.07681899180665043,0.16797350765514335,-0.088213051464532885,-0.075273954595534057,0.0019579705901765559,0.62384910348342559,-0.2831477431029753,-0.45393708826046281,0.15341460631168455,-0.026735408993195698,0.024296870645220344,-0.31998139204461595,0.05534459895860451,-0.24727672443040977
-0.24762188127722276,-0.31369439606918065,-0.21462663595910803,-0.37911714477749853,0.14888554586125832,0.097830860948296822,-0.24802266932438699,0.043767177287524155,0.21990767068253245,-0.47779248641378907,-0.25206781501993319,-0.34415090842288798,0.24773919718755663,0.17658739659328224,-0.064306615047867416
0.11887957490988751,-0.40406003085159392,0.26911735776734375,-0.12919289630912964,-0.13163762144390057,0.40338475992976425,-0.023874581518846322,-0.306676438595129,-0.34878778546542627,-0.40775237600930764,0.29868681784203616,-0.080140525831867093,-0.015228744914622682,0.097209226698315068,0.25610004487047894
-0.1757853429935006,-0.2516458162530944,-0.27428415840322989,-0.45216196517031632,0.40795253314667507,0.032781927673920644,0.18312161890153322,-0.45616519227575486,0.10361673091987626,0.14979053958252209,0.15267715937921622,0.25245381882775753,0.035736864529465312,0.011891988660947924,0.30876544305498221
-0.16800827345461142,0.21349652943189981,0.19999537796420913,-0.1726470355047568,0.34040139948379577,0.20768702350941021,-0.16529918234187249,0.043544227624384223,0.040241667152580284,-0.37396742456761878,0.27997653761943275,0.21180440887246399,0.40752042113166154,-0.4827411699113614,0.065798507079059473
-0.34749475202707619,-0.3297084626918339,-0.24396895138269503,0.30395736451240146,-0.12392514700883722,0.062742376721298065,0.26524136295074685,-0.29780933662231956,0.3383933804473887,-0.12347936474736111,0.41375144702461802,-0.35024113465690149,-0.064800708410025262,-0.053812343244738485,-0.09787810225001288
-0.065417713661379842,-0.45709345875989399,-0.12459245890786784,0.17897984080806073,0.30329417107214884,-0.091934766861363093,0.14955942163550609,0.34787098280251466,0.48549995949011637,0.12969015139778059,-0.16001523262509804,0.18213129604518269,0.28344895284482602,-0.32208119472486663,0.0046256951743299515
-0.032300334705210813,-0.14130339311773552,0.18874484388678556,0.09821560195929642,0.1328144531471947,0.21917709364244028,-0.22059426790852849,-0.26811699759234808,0.15618077661922206,0.34036065227774537,-0.011021087061079024,-0.46658805425109917,0.48291168579294252,-0.11878956295550062,0.37698003164386745
0.21710700036376918,0.18094979047761456,-0.33772201493731091,0.10714201911621413,-0.4358354326695284,-0.048537701587179377,0.24712422601966752,0.33492794793173775,0.50086900768330789,-0.093102117423034578,-0.20378848769407318,-0.26015216746198483,0.11227237596969251,0.21706135045199257,-0.02373235142814336
-0.02844087858117807,-0.19805801447137539,0.16186740136468425,0.49145544398448743,0.31848081581592169,0.081433276831464896,-0.42517080665500429,-0.31756299892919909,0.27514275983001935,-0.08693926032247036,0.16057899623446151,0.36155381196173508,-0.16278458920084976,0.074808361793453113,0.17519386068080894
0.73292782498261566,-0.010899155276312997,0.014227530821738985,-0.065947993706069963,-0.36954068876763557,0.043098166770406766,0.10788273357014429,-0.057590217042091406,-0.3262885994189651,0.051787548678832437,-0.058252562432168364,0.13481360028783815,0.024213076566195514,0.1398210862391914,-0.39233007014844407
-0.073764355934037809,-0.084523633912395313,0.084811921441560315,0.27649760935960976,0.37130296247224703,-0.063871767583796563,0.26695841220777922,0.15619672782435479,-0.25834751353090568,0.068516701950389863,0.28128671901190305,-0.16373589480479267,-0.26914442174783443,-0.40721575344805788,0.50052757515365576
0.026908934625463402,-0.5741091944111778,-0.055938585659638343,0.085507860930291391,-0.45223316890048709,-0.18923221669278975,0.028885632992239958,-0.0027443017172624493,-0.066655195783182034,0.34985918250092446,0.235134841155655,0.37322326966330927,-0.21099544301045178,-0.053187092744848626,0.2220178631450031
0.3744932766380849,0.19032636139545472,-0.49019239787086755,0.32289734370098072,-0.082788885810533105,0.07034715055073959,0.070956230791675165,-0.25106840606037734,0.11909923415652424,0.12380093468124216,0.26081257369664185,0.22313716278132914,0.28362496083216432,-0.35722931897419435,0.20910746576408676
0.38135450686808897,0.27706830053890086,0.071244838790950948,-0.16951890835495326,0.10322248735928828,0.45319098502259542,-0.034125885220420746,-0.24426533957870974,0.26571889661726383,-0.20930545184759533,-0.39729105159609368,0.20988095673731885,0.15699093120855517,0.20666625409209385,0.28889398347075063
-0.14870006137886493,0.14329233929319452,0.13348225202958908,0.088883325663392604,-0.11967666532550224,-0.1801208784886934,-0.50330874792736435,-0.019782560288082337,-0.22997399921680745,0.35878657635254985,-0.14683354239554486,0.20195798109016866,-0.45359397154217035,0.055961358459252056,-0.42227790836153745
-0.35751841172171572,0.084762379993928175,-0.30600521526586738,0.040697420898179758,-0.24360229539682857,-0.25588210787149723,-0.34192734339079883,-0.17504594567692064,0.23256591121791287,0.14281244043737235,-0.45806731342043411,0.25207300004857197,0.18537998423874519,0.012879950158420323,0.33903825863470616
0.14209256539165743,0.41954440947279226,-0.17585054524460059,0.27251991970839762,0.075001891511958199,-0.052746832201268169,0.10927057917479939,-0.048680611407247547,-0.19824964554034383,0.39058515039604197,0.16795899125283362,-0.61432286304281503,-0.064640501091188671,0.014826138399474312,-0.27207279131568307
0.17839332070312611,0.33086308666436454,0.15134490235701828,-0.3314830304916912,-0.32361054683999319,0.043473095634252647,0.3691622728237981,-0.031279968337618314,-0.046910557369498368,0.30662885865189071,0.31825236436400994,-0.097091575242740827,0.047545211484647049,0.15590905166369026,0.49854274399415582
0.26362188762741229,-0.28119205414727577,-0.18874126196437505,-0.24844093219459823,-0.15767958348195135,0.018880292426661539,-0.090535598112949534,0.42300504438559461,-0.043254755166613958,0.032065796012139963,0.51096367167122103,-0.36912754322593355,0.2540622980472908,-0.27300320855326471,-0.04921870047523539
0.26304208888601788,0.22578874959834197,-0.087240097594777341,0.10288916380021902,0.68973467149705558,0.099442390310143805,0.18738304329454386,-0.025041279672559636,-0.11638380112538818,0.10755959842453426,-0.12353789376368436,0.3594570069631105,-0.18102085732913389,-0.15593094840616728,-0.33704731096483326
0.23496096005095835,-0.066361539492421892,0.22580666884307857,0.22717098668912217,-0.31592777946703016,-0.042219549837566935,-0.0060782059619420986,0.37865779948027195,-0.23523143112768827,-0.174406095047589,-0.21524329775785506,0.13945069176457919,0.46183021352989551,-0.14242780315245379,0.45572178841379685
0.29704601204545167,-0.21076380515925022,0.20017858908154265,-0.13007983172311277,-0.14651306131211941,-0.45177241970539384,-0.031305134266302298,-0.2743106278202716,0.39268943007695456,-0.2209797906129127,0.24062153525867319,0.098519692608992196,0.44830123979019137,0.18810672786779128,0.039487651547631543
0.17979727406364079,-0.63893025610846954,0.085619473548083094,0.028487021923544673,0.40429685461286247,-0.19012161855871595,-0.09015189889229315,-0.11727518108024659,-0.1599273124273885,0.22966287237430091,0.06386747426523301,-0.25106421963390768,-0.055061484129889156,0.28383342245241011,-0.31747220089748956
-0.5062578054173803,0.24394767588881458,0.33984856946273834,-0.32568669801531869,-0.21985220121007884,0.10501769769481643,-0.099092303832660725,-0.31946119761581981,0.32344573241757629,-0.20306145213537807,0.15074965606386509,0.1391244663179291,-0.1958723656753647,0.25216748429084912,-0.038712361365143472
0.25770159667375681,-0.043072843877261444,-0.37822839771303862,-0.18396454718257771,-0.23300641727781626,0.12506775912653942,-0.48104397297018359,-0.32909686842081404,0.19863988356156448,0.16540558962818896,0.2092047289659221,-0.2252953168115501,-0.23863217935309353,0.34385942679946263,0.093096299026172155
0.13377069067334826,0.28558971301574626,0.81126480740492934,0.19562084608047398,0.20253774369786251,-0.053297844166208128,0.0055702597522609577,-0.1015227013274959,-0.21820788934562299,0.0090894480173217516,0.022258914103805441,-0.036720451767847127,0.14180667837832706,0.26878433208599684,-0.089612652048576116
0.00090014334996047201,0.043645136740974838,0.072875510706262206,-0.1826935537312897,0.084950403472440428,-0.45744312907594165,0.053100935708991603,-0.036514762481971039,-0.34964725909719513,0.51606898388961597,0.014680533865800849,0.16635711002238576,0.48482578358110634,-0.26603019499884917,-0.12838995042897383
0.01422319341084481,-0.029371032616118811,-0.10810016824546866,0.69314059967855601,-0.039757272172765826,-0.54865108400572737,0.22134282085292667,-0.026659653241416364,-0.13438839703702884,-0.091370431129715254,-0.11956786406317203,0.18405614973361484,0.060317488995622739,0.16815885286745491,-0.21910256775905598
0.059895442568996954,0.34628693439354069,-0.38653687631010497,-0.36814681368840163,-0.014034369593604887,0.30548793384309203,0.25884520305199293,-0.076202848456229599,-0.02001704413622938,-0.38444563956139421,0.12579073919700262,-0.20282213387829226,-0.38286113475562966,-0.26765732591641156,-0.042955265408606835
-0.10936710270499382,-0.19170728766014519,-0.013235976452759278,-0.3483359259941694,-0.51205777788521789,0.31253940531153535,0.27922511256772498,-0.20131370398276521,0.15223374157728556,0.022115462011117751,-0.16610596042393064,0.091672640855122944,0.38353172502867988,-0.36694854481707806,-0.099945175355982213
0.17282008779775798,-0.34722092105469293,0.4867219056959079,-0.045925279354930869,-0.28530052774885478,0.33612753161146247,-0.3395860543394465,0.30976630052661336,0.38431583450086731,0.066361025244317043,-0.1406217983733021,-0.061518301092483164,-0.11871757138773999,0.068869160075404723,-0.10204550823204775
-0.21084917003805059,-0.34004506743869722,0.25850239817238785,0.13716276293074969,0.035175752631261652,-0.072656645034752873,0.34128020801657466,0.0011715052825461262,0.20951980177692911,-0.048600639741955637,-0.27593128667974126,-0.083643792011240933,-0.091607129077655294,0.50523211564229242,0.48809702575911462
0.20305885673375554,0.21040354009210754,-0.16317869548367367,-0.51068963262815048,-0.10714754072871963,-0.073575591123093961,-0.14903768432618253,0.28162364655166255,0.37044355277470986,0.17948376468830823,0.12056517372311712,0.54672151729941554,-0.053020414635775531,-0.096288246222255916,-0.1169716796688974
-0.0068497619889865231,0.1889444041897877,0.13501235777567994,0.42608705642446465,-0.49071943074386165,0.28702202927519949,0.019560256454206278,-0.28557480171551386,-0.015474825873061858,0.039293640764597695,-0.24246189786684719,-0.17273325726943095,-0.39726248016165566,-0.19755626013788691,0.26851040182254893
-0.21399312825689559,0.31865670299481436,0.13712656539983389,0.10379527036429527,0.18045745842985766,-0.057738547929722911,-0.13372072372582267,0.48247368597481283,0.2016190117488805,-0.36221153747419843,-0.39753830728920525,0.089182818377313441,-0.40212207161004065,-0.13373029734142899,0.13821473234786105
-0.353598777910685,-0.015133452113821494,-0.27551562284305259,0.044604213609308448,-0.094774656454721107,0.64275281414172714,-0.06151032487456868,0.32500472349787157,0.1542402759984193,0.079805329358404342,0.18536960319525159,0.17062648343379383,-0.055002781372353426,0.040459024555414058,0.40867958602195376
