-0.44210403623040934,-0.45517904342824883,-0.52833611205296449,0.25202519711468774,0.111266412483286,-0.40246959503588103,-0.11219964044153752,0.0055498381655011315,0.080807189646841193,-0.24736402507204755
0.028369633184118125,-0.26947948588653181,-0.61371744605994794,0.18150725445984461,0.15681888083374179,0.056941982352802387,0.58823361975012711,0.17748486386003426,-0.157226965554009,0.29480068832712286
0.20120615332809599,0.51417870438152558,-0.11573528125683373,0.055742559229826877,0.12633012983494435,-0.10135040507244178,-0.60994429702692099,-0.088564570617235785,-0.44032172260279656,0.28043591288157266
0.026062079071323598,0.14938424537530862,0.41283475223296134,0.093259436880712768,-0.69775667695884258,-0.10840528214351358,0.16978008954970153,-0.26269519032414673,0.011618535734307439,-0.44865369987637083
0.16298241520857581,0.33512189476763948,-0.071619678633890183,0.10039037133572437,-0.21504895945032346,-0.5572676276753955,0.16512791710366842,0.48183023996840757,0.13111284601147025,0.4609891447699323
0.137691929182233,-0.0011073536002279224,0.091055391582946024,0.52916772258285871,-0.20718545291933607,0.34388687964241599,-0.44153178662764819,-0.084466792822155329,-0.40204159877603457,-0.40966295990238655
0.12422091765038321,0.47017325464530924,-0.026986035038252892,0.056776611997928626,0.57498887890027439,0.3563528629509588,-0.30248010537816877,0.022990815021636364,0.096278603204693225,-0.44795369127282736
0.31359495800274317,0.5827269987965048,-0.16153395649150074,-0.08122931525588846,0.22029676490924047,0.2305832613394718,0.41591031112878557,-0.11272697006670071,0.14645217387559437,0.46963786631421023
-0.4406067799826493,-0.29761307885898997,-0.41458686124625499,-0.27291699605278658,0.3927178822685532,0.54405985938396451,-0.015933688601783617,-0.10338264315927002,-0.047710380922800742,-0.086484501730917721
0.32533190629732267,-0.21108102107218643,0.23513201876806383,-0.30986385087527357,0.58070084099069375,0.31825375073596546,0.42155375600236822,0.18912163638442062,-0.076982722901359338,-0.20100114974878247
0.31817707682669544,-0.4333343479215358,-0.30898055468760377,0.32081453667845089,0.26675779952872458,0.34327582701623416,-0.073819233089939318,0.25820777091118918,0.42890327688481977,-0.25984066366839753
-0.034450464060393655,-0.01770876684261154,0.0092314048547940449,0.57008498338967328,0.59113855028568041,0.025471444292855628,0.36899033588781355,-0.34735220407636458,0.25421947833800068,0.043461627339129345
0.072187456047613632,-0.16517538163812184,-0.31062127902681563,-0.23053715548734416,-0.037054802346597235,0.17259581769303944,-0.83895507059852559,-0.12238102063661944,0.16487783468704481,-0.20175060276842674
-0.29934709127689485,0.10375008471192639,0.017011255586202055,0.16028473571479154,0.34706589692207279,0.22668719322907652,0.24183966115445818,0.59027046913988124,0.44884058081572425,0.30568173601515053
-0.14831922408944795,-0.22567799443149872,-0.031247881699427271,-0.35928924067151968,0.079683050177623782,-0.64764583310686052,-0.47340297164560208,0.02806495182378254,0.018104217069253276,0.38208031961372235
-0.030438844899986928,0.11881932036586877,0.013443973626510711,0.4713476827892597,0.21622943411082055,-0.31498153783435706,-0.60576681099379004,0.3751635264339529,0.32931910379878065,-0.022030818961473381
-0.32641493081016271,0.27581457188816122,-0.0046118263400515514,-0.26671278111103147,0.048909782751383066,-0.44556761007101681,-0.38139707903905073,0.1283434030098797,-0.11071287466062472,-0.60918541900122214
0.54862704755571856,0.31747370741465336,0.020980953362122381,0.18386674489236507,-0.45257463753274429,0.33957291712425913,-0.23496052340838078,0.11249616499475736,0.41829429786730343,-0.031719151944065105
-0.2156958779844774,0.7529867382904919,0.30625352192960081,0.52589625347844215,-0.051299814428319879,0.085414616603271667,-0.0013273504628278788,0.0033507315103603798,0.040653555962316512,0.067343466639715702
0.40188548358387022,-0.70133489259212611,-0.22447102627575802,-0.50853084874519794,-0.023518291630102637,-0.05904967527746053,0.031555034842559365,-0.11865859568618271,0.13014778727221865,0.039655484828552787
-0.33319472881681145,0.36259684939150144,0.3453734650151109,-0.4304576298742428,-0.13450234649029497,0.12652045028309095,-0.41999589801580284,0.24599859075980757,0.40473187505035535,0.13457391577729277
0.25825608370684294,-0.07804443905939723,0.079593430326380277,-0.17622489312900017,0.14764689117854901,0.54644071844793785,0.018186042061370235,-0.61131560375411897,0.44120707692781147,-0.026912564871577258
0.018011752736959791,0.098123065055532352,-0.24557063819741409,-0.25125771261505603,0.32111357592618989,-0.67368044682629957,0.50897454916895413,-0.20401165772619084,0.066460013341543445,-0.067527844114417659
0.15892435600738605,-0.15096468625369527,-0.4019041005153387,0.17040800512580309,-0.13095575835926324,-0.16316406942760669,0.10206442756935551,-0.23828634203990232,0.69199389188404781,0.41420033747896268
-0.46578883325649201,-0.019850212164652339,0.45261202326873695,0.20206164740020197,-0.012226040529971496,-0.47238877067815732,0.10409754801791747,-0.091994399307937416,0.50588219004787405,0.1960701226301593
-0.57766947553965153,0.31295017916878776,-0.32276499834108535,0.11412742303887365,-0.42227437759168296,-0.17908922409013692,0.45251535444825203,0.10977770659456355,0.10338739573924369,-0.11514775253720681
0.31174120685487777,-0.11850437315985725,0.41805258964940495,-0.40433769775680933,-0.45038321048177721,0.22899451364623877,-0.36536564084224754,-0.26505485807010964,-0.17608142103155161,0.24593265797719899
-0.36641485849992739,-0.12097287393129987,-0.13735851128674381,-0.45259469647676376,-0.27854963086587836,-0.2369862039380661,-0.056016639986067679,-0.57289258269806731,0.35509009388140439,-0.19029263672167848
0.15050750314245229,-0.57876908652148851,0.23303323931865194,0.34958270989996826,-0.11811632916008494,-0.19108720789745734,-0.31103274441275758,-0.45972651854815627,0.27581591995099874,-0.17672358192528145
0.20849457234529756,0.37413952014385649,-0.64800138341351021,0.56451722816269778,-0.017466954778470076,-0.093676839144786472,0.0017641572546865398,-0.052507992265199255,0.054728299918377965,-0.25125346953797312
-0.004031573892817799,-0.34952062974971121,-0.51918125952384342,0.096012616496055983,-0.65120087306142271,0.30640923080828053,0.029566797745552587,-0.13614720511789452,0.060303675021359103,-0.24094706682635814
-0.36925954253410942,-0.64925525302481435,0.22232523643412883,-0.019040958006395488,-0.10966252619964485,0.27065206268166619,-0.38778904377491358,0.23723967507415386,0.10068848668160171,0.3004069771030306
0.14475618490104381,0.29232877678419966,-0.1779758225925378,0.28811110632106218,-0.56448892280270446,0.13844374086223235,0.21382156218465101,0.035417093533309685,-0.55333201764954076,0.29654909223816811
-0.048339646545530655,0.089982471072648881,0.16158813639655667,0.54520916493835681,0.11059979630777124,-0.63281576995335498,-0.010408695356590284,-0.22348891758539718,-0.40402627105445077,-0.20055347303140655
0.40413844224911599,-0.13134202193183031,0.10036457635941341,-0.32953932677692044,0.096553490965650801,-0.2763639817064954,0.13195893716845647,0.1440205450078301,-0.6876530484222183,0.32253799187266824
0.30409126768800099,0.4700631805690984,0.13790653296144859,0.04652402550721646,0.10385234706292205,-0.40536479628388572,-0.24358808968962009,-0.49310902772665938,0.42106825162174377,-0.10242235674699557
-0.45756716335641323,-0.26292155199767037,0.26379441499280382,0.33117970644875533,0.41093339916527216,0.13878120089198462,0.021771476669313779,0.36917166983233596,-0.28415221527258022,-0.36960299843237698
0.35791237593904573,0.37393303445049919,0.43559485762226063,0.0092821565322404199,0.16810352123657843,0.16409488834718328,0.15926306405737561,-0.49012254685302087,-0.44942704438223818,-0.13960067878367033
-0.20804476994511348,-0.30501010272836659,0.14479397404000693,-0.31716040776034632,0.40226255349818762,-0.0051475127565302377,0.33581021074664469,-0.23380709053845572,0.080290775716240978,0.63750111453688352
-0.49873896275154789,-0.092563372039817585,0.024573115322039013,-0.57743390836753128,0.055889480411383627,-0.1480805754634186,0.23667305943635744,0.52710268700338858,-0.21462098760962767,0.060767374297186531
0.053981723637317194,-0.0064255068604943391,-0.12175902265653818,-0.53011851534950449,-0.29633313500935482,0.16724743992289848,0.6521658242260332,-0.23035842373159976,-0.29759359703682248,-0.13587324506691062
-0.29530357777442384,0.48095676106794311,0.29091296132904554,-0.34481333810445247,-0.27387768626308251,-0.37027703724174743,0.10913979163924843,-0.25420312609240503,-0.30054977052431542,0.31460267385213669
-0.42904889933532675,0.05493499460315926,0.41380094947492607,0.039714798781275033,0.23265999300067627,0.15544497710563732,-0.44165010598951715,-0.56161507551393275,-0.080993447213030534,0.21159072855760755
0.41875396735760062,0.19403612071738074,-0.42251209676309498,-0.33121153048932389,-0.47671669414054924,-0.44856550558820218,-0.12648479444576755,-0.13788084325530722,-0.15075795318936092,-0.11211707697969338
-0.079274340502746024,0.31688995509549472,0.52532998155264587,-0.11855853142309727,0.64072166759877658,-0.29553503685238469,-0.090715969639123512,0.2311002128549165,-0.11121468919549134,0.17719482059649472
0.026038464357478721,0.19349536506533932,-0.43718572098149727,-0.46647247407386683,-0.071837744842271151,0.26500156060036689,0.22155551606483029,0.19110105587294926,0.58350182094177538,-0.22734619937861145
-0.0029879468200309485,-0.17022432670761989,-0.13613595570043119,0.070025024035442363,0.16012878932142638,0.072114829434637054,0.21347515441460685,-0.460462557158488,-0.080456321893579152,-0.80787736861559289
-0.1715127926121883,-0.38937293008144386,0.62064779093870082,-0.34784524551563245,0.1033589902042879,-0.30144887029701145,0.13715151438962789,-0.25828007070556702,-0.25023372817223377,-0.25116037559262561
-0.52962137826690614,0.0046912656862775183,0.025157973612116972,0.32736847086550153,-0.10100777643175882,0.33445590435665423,-0.24573480415094626,-0.11250831010270082,0.49857278289323359,-0.40987106733941409
-0.098243639643538522,-0.009453171184782205,-0.50649196969885579,-0.46259489203767806,-0.30011675171195135,0.20367194511205156,-0.099582330993614493,0.019700096506507007,-0.045758311283947473,0.61300880249100709
0.094017420491868564,0.27270524980087757,0.1773452403009001,0.24741867196154363,0.12360445775028867,-0.24472872002768212,0.37284575054281544,0.29902608595545282,0.44636423294656002,-0.56681870758358321
0.34950032762615091,0.079750881893011091,0.46577346783023993,-0.50167236356644307,-0.12991756141086666,-0.19820333409583987,0.37197168748098208,0.016835584676477115,0.43801508207732409,0.12728909768650448
-0.58587173508726287,0.0049388679456674666,-0.066178148379355872,0.34601828515500083,0.085398702588338843,-0.18228270538996832,-0.035755190283282133,0.16815558722342785,-0.35992901802555799,0.57705992788719807
0.10499395578808467,-0.19092614201897384,-0.19011414170447635,0.10951672399917517,-0.27704469287716987,-0.2597713424791922,0.32270439932735467,0.43544034724368186,-0.44719314231168428,-0.51616192587385468
0.18533090406352123,-0.36072025104146166,-0.10626430035947565,0.0049913202665353949,0.7128447296190914,-0.14838150954656892,-0.32440524516254104,-0.30176518216077702,-0.30632730416851689,-0.062564009022843675
-0.28255922163963815,0.42323870870642594,-0.34087790701232595,-0.0081622087385302983,0.34292421859954952,0.0049694465718394271,0.24182855607246817,-0.0066291762757366354,-0.64073460539484284,-0.19513422666540881
0.69321755668778262,-0.072841328134507305,0.30706236067473119,-0.14701070539414204,0.079804349998401761,-0.18162957373246366,-0.3519375596657936,0.14905621091347013,-0.068704448984200306,-0.45616661606618986
0.57559956723634853,0.014947509374905837,-0.4877482567981527,-0.12558813384571896,0.10422137569555855,0.49318077144257483,-0.04885443791844845,-0.11908038726415522,-0.37454833415654204,-0.062034272471039868
0.51691232356464356,0.20760770238149476,0.08652480964629744,0.49396971454811089,0.29939765236222204,0.12561112725048862,0.060224534944618109,0.4929450418705465,-0.27399920493978025,0.10532609996091792
0.34807642438845543,-0.45866443235065651,-0.37368496885439834,0.35351493211624618,-0.16414195424029948,-0.13814842500890956,-0.39867495064149944,0.1663820488560265,-0.26187608867626999,0.32035155900877293
0.14919755266259907,0.26016040426680931,-0.063783480017047603,-0.83831612836419944,0.33918602375509793,0.0019506951518102754,-0.16744762748376038,-0.23479026284811591,-0.069724128758231099,0.011696042104241459
0.26321323386037859,0.024958776343708199,-0.54215918925172368,-0.25254780053518439,0.39419373161955951,-0.27213584513532524,-0.15474922124204415,0.55446095722024169,-0.058667304182250822,-0.090089575238487971
-0.10828529495268516,0.072322582990803019,0.4352256422243429,0.22075115440302304,0.049715111569995307,-0.11564411712374952,0.7749476040559734,0.15648933216867139,-0.28635185462031615,0.14837812562421662
-0.49033127855001646,0.37803108502097499,0.27150252260010066,-0.28685400166990493,0.31348917382695413,0.19397048548770091,0.42042487487002156,-0.24168551992199067,0.21461096814862915,-0.20866732622752879
-0.3320030706229945,-0.58138950139776446,0.072756481150702546,-0.051069206739512686,-0.069809295552077086,0.1196966303517986,0.57945862884054533,0.092797409915119727,0.36137767630879902,-0.22289129976920843
-0.35210155771073104,0.13282646378252133,-0.37165415656282252,0.103942766681533,-0.24547119554752286,0.31123611056930045,-0.35790605488400257,0.62978296161969782,-0.15169451683721974,-0.067765323488130205
-0.36912519012203004,-0.30269751577355919,-0.16494926717037156,-0.2323574799538134,-0.27038719839435948,-0.025329883912899184,-0.3255623984730045,-0.14372655221449818,-0.69675019354500778,-0.071152507621320374
0.45978973122686473,-0.083306384668559191,0.094053940316722429,-0.20101084789791984,0.3458673857938197,0.19798209664634772,-0.38879065739609969,0.23049768279770833,0.29191955328521391,0.53298818268125003
0.72944100443511239,-0.16656540491088545,-0.025389013045647831,0.28271136233704525,-0.14952992865233994,-0.08352047270234926,0.51724421760211126,-0.20462447587132696,0.063016698846827035,-0.1299336004753274
-0.2624912318885157,0.091740695430387029,0.29892445826275343,0.0092248531912251502,-0.48135987428516047,0.44368684986193557,0.34395920429196558,-0.15501083292763129,0.26339791791192457,0.43927322170247085
-0.11706696150435296,-0.20302513260409488,0.24436355953903438,-0.42446187355780679,-0.23172499419776688,0.46903585196668335,-0.12718028323254038,0.2303389528016514,-0.070787644693479604,-0.59771384381846893
0.023109470875167317,-0.29546925258569923,0.022598164839372485,-0.16390330864583005,-0.50425424509400141,-0.35958050665182206,-0.19081511516507188,0.41351173843525846,0.47373369375715352,-0.26342444539915483
0.048162747964602154,-0.58193155185691026,0.13684959255615897,0.21179294198826845,-0.035862197892354251,0.46210719604563644,0.2631009247876383,-0.36368987182684503,-0.40431993177006487,0.12512303068642386
0.30886638928588422,0.0014411509122436497,0.39515244158553964,0.4373069115826192,-0.048168108391276276,-0.14515937430887804,-0.004016200857396319,-0.28557897889167466,-0.051016772580221317,0.67056027685080455
-0.15328525030046392,0.17530718421283614,0.28461817641282594,-0.18304125015162664,0.15683722826861118,0.6283593453452152,-0.049167653359406122,0.22657172601471656,-0.5024327926125457,0.32501556622692757
-0.041819908043308957,0.20435672179713441,-0.10611885520685939,0.2938161657931454,-0.05251559601225772,0.69777996692702848,0.48511478163828992,0.17716443988573893,-0.04438933687118201,-0.31709856734888286
-0.25431972057509683,0.12854258278514194,-0.046215961918523743,0.25887934390934458,-0.6453902434284905,-0.16790454476853614,-0.50836263419790173,-0.20777282938538918,0.1297517566104788,0.29408454058141548
0.31701137687613773,-0.276741348683055,0.065128078314462073,-0.17512141241274148,-0.35805030087554085,0.33459218724399947,0.27788732564582208,0.64486961609388205,-0.016110170889334537,0.23349338822819049
-0.093259165297158803,0.018430658199914688,0.54689357911083325,0.1060632800928837,-0.35750355624178159,-0.25696638996142307,-0.31974584457476163,0.47849009993026154,-0.39306009948255732,0.033077057230239168
-0.057924362518653086,0.088056790417680927,-0.29207325350427693,0.48095171853518404,0.073163078479392241,0.60676885235022415,-0.26879951542825048,-0.14178610615612988,0.094382152260427288,0.44439136199969509
-0.091982239356921819,-0.45400969261095037,-0.041691948910777377,0.068376402424255828,-0.50543225915371359,-0.52081878330198161,0.34084081749396317,-0.21104991223526026,-0.1589250170067821,0.25751748029460131
-0.030074260904923159,-0.21701846478016065,0.13399199550747351,0.77544145433187295,-0.4177226996332285,0.0086752176254789436,0.1677111921887072,0.30855480624660242,0.18515938929889497,0.023464776593490864
0.24759250814446648,0.67039256542324832,0.13085924727383977,-0.35180327861458732,-0.17144472170077346,0.069015084104198723,0.13947102938534628,0.44557487178419775,-0.2111410051012424,-0.22727964234281681
-0.44369001196954672,0.45664183860077312,-0.49096307109287546,-0.08953080607080581,0.35636354049397501,-0.15899374162267557,-0.21076046243592417,-0.11796763416846802,0.30100500523252094,0.210576757558886
0.12555343351490775,-0.070595865772528951,0.84968964466062513,0.21484874020809791,0.078524248283229597,0.3429154183333738,-0.078001386614239762,0.093637029055346793,0.25821442631647523,-0.076395317099526405
0.22509690779323763,-0.54833270232177556,0.21031492511255348,0.19967361817366319,0.31893092848166804,-0.53006541341451174,0.17579931407045682,0.3764098156590161,0.088794170082224927,0.037420258064270032
-0.0014744664789754192,0.090961405046840083,-0.41971122795017479,0.097447628661364499,0.030128819959235744,-0.082834675608002548,0.085901301334813024,-0.80215658222322894,-0.25431272748374167,0.28773561637523309
-0.20769807175906771,0.53631112896671929,-0.16317775498993445,-0.22201200841963054,-0.33658838120872475,0.49601596498346973,-0.20486353247577388,-0.38260877291296708,-0.14156877578431343,-0.15997417953924442
