-0.10792701569632573,0.10379246028528354,0.14011232067764978,-0.28687994155095164,0.073306847503890452,0.12821835250000749,0.49405515238746561,-0.14772319957289137,0.230405125802598,0.36376436168537674,0.041331466706335723,0.27963007621298908,0.112879581369634,-0.25412809922434682,-0.023296582218861304,0.16892298051501614,-0.093634797617906593,-0.43745710235704471,-0.12677442599231969
0.12493970519442771,0.0045181354347089827,0.46854199180485423,-0.10633346770068342,0.20074404992637004,0.27685488164680261,-0.074857018887059798,-0.32678550088218555,0.0084212011337641991,-0.075316960489767451,0.010773671989596386,-0.016975032940124837,0.14151506035129377,0.089563782318061391,0.33990540607619441,0.29802768979610172,-0.46859036139705784,0.22343221943329822,-0.127047531961584
-0.09783987372740581,-0.035674487906473727,-0.14861445390157957,-0.14065972473918067,0.2115772751112911,-0.019825202147392671,0.16072215302902768,-0.15362569460054568,0.17033385672212487,0.13468717108085729,0.034879697422061998,-0.42961291514925193,-0.077146921423188172,-0.1479483627749488,-0.35928905595274507,-0.64720062397484679,-0.10405365147465544,-0.16728142381131281,0.071741525100949985
-0.11926458108132124,0.096570323296289007,-0.30513082309320916,0.33933844045076356,0.0097090209055742584,0.37701237818380201,-0.015318426575371762,-0.50961232129027378,-0.039327291298247351,0.29866020300441282,0.0075528121183883901,0.048034034047502734,-0.090522293727500883,-0.17757962470525507,0.29357808715589495,-0.078344133463623553,-0.12999452346200843,-0.037286487432593281,0.35010046521480731
-0.17043628310497477,-0.28397928428252106,0.15231569243611279,-0.029763764641995743,0.063581378248054932,0.3344984261003085,0.29683855079772287,-0.049505056127300259,0.35159732832607649,0.19014814426844037,-0.1799193542428581,-0.30865678906497246,0.0035796785479208456,0.47116141292789965,0.049265991921606127,0.12451247551317997,0.19616707522899934,0.016885443459940537,0.30595034291645073
0.40176524721981688,-0.071476344015691542,-0.31976139186264513,0.22207065274067767,0.15983691023280741,-0.28008616206587095,0.1913735772169986,-0.16943435752969502,0.14014486773194673,-0.0095719736805784453,-0.25307261706630862,0.070486479684253034,0.10991670054194345,-0.32368183498019421,-0.13408550037801395,0.098573712315928222,-0.50786136485627809,0.087404712451392419,-0.11716993240292507
0.24793773705315586,-0.57441228183893511,0.24090931238732649,0.057577072764384937,-0.27563669057546381,-0.059349726870527482,0.23176958154299662,-0.20222358840761187,0.10615482416127417,0.24696058299953005,0.28691470729646523,0.049693298925861246,-0.36031581258985235,-0.10870044321148505,0.11943947800415161,-0.17637960297553271,-0.13167706333605778,0.10366277234872545,-0.031048441972175874
0.35413155226108334,-0.32165426304579142,0.14991284326017323,0.048132176007492727,0.17071769828559846,0.023584969586095194,-0.1530187824867163,-0.33383636931175326,-0.01956184539383006,-0.31536016093309727,-0.37472360666086857,0.10024350272939929,0.15013097044082263,0.026903214585908209,0.089234118003890264,-0.40272500275508477,0.18056223577164912,0.073752852052160991,0.3162591817610535
0.19947674670138357,-0.30924901441338115,-0.29810700595470419,-0.3766005129629964,0.36481461021389777,0.34652439113138445,0.29711852278622425,-0.096833640198230014,-0.44603623839040052,-0.013562200910210315,-0.043383630620960519,0.016653646031949049,-0.24878510558085618,0.033045405794549607,-0.058052470200817066,0.095148709032576481,-0.069152164278355951,0.03290296106000689,0.022080632496079035
-0.03414145665912037,-0.011593507548733338,-0.062125690765647681,0.001902778651896476,0.0091237401431371826,0.36345416879569775,-0.20954887806917119,-0.22302028883495689,0.058131965626082575,-0.24563160799189107,-0.47925615427661905,-0.2987890478204952,-0.013961975690887866,-0.12728065803377014,-0.17508250149045335,0.22924269159490346,-0.075001494664995561,-0.50782678703242545,-0.15236645711913629
0.13330633637480749,0.026714098495005167,0.060967897453088594,0.05499449517489214,-0.40605408601913551,0.020855484120530482,-0.46728571062878677,-0.2679748297018511,0.1976394574087362,0.21014902496366625,-0.1794598531975295,0.5119188268502487,0.14071354149286863,-0.096819262657149366,0.032526498607394726,-0.018387026933394227,0.0016185528238649141,-0.031326613111359661,-0.33203612339093452
0.35095115131681703,0.11064553051724595,-0.32426586448703293,-0.17399859861971398,-0.11483805537533867,-0.071641522023036086,-0.19177749902152674,-0.39122917252082373,-0.15747087723743486,-0.069141843311387022,0.49304106105832218,-0.08323994278030486,0.19036080200596717,0.13045185997763123,-0.013645453858611364,-0.219340059173077,-0.072478667257996315,0.36019034268939665,-0.069787972295520126
-0.22429930549335986,-0.13518793636177295,0.051622364014589223,0.00076521116546041437,0.16920864955593559,-0.3245053898908245,0.0091227756475914454,-0.72611611584279423,-0.061310771917411112,0.071390246723955844,-0.052962828432308373,0.1108109628398143,-0.15097830734294226,0.29686752638165398,-0.31998551209922338,0.15343820463602659,-0.01317154569993462,-0.051007461222032521,-0.062543488443245809
-0.0036124063062570135,-0.40613870656522527,0.050468674542506954,-0.35281416051969083,0.038280310883541592,-0.20003868664959984,0.16895569732687477,-0.12158039328536957,0.19518582665980072,-0.47093629899437628,0.27939969727397435,-0.23854311599806399,0.27527865959167536,-0.17901776504063943,-0.12537445730786048,0.25749259074398528,-0.035322490566299471,-0.099658053996025744,0.16532663226500716
0.15028657966995515,0.043172761087577727,-0.065097251890962354,-0.077119334789489125,-0.11173662304129421,-0.16481746812284515,-0.07656059263145959,-0.071019228950794516,-0.085842453615724665,0.27912380527443137,-0.36199944499914954,0.080886054342458893,-0.27775396415785364,0.11454942997612082,0.13179513571671256,0.21685713762713393,0.054898903725769742,0.69669730663725005,0.22108340073174393
0.29728641158687608,-0.0010927289942931353,0.20242158344383904,-0.048669557405939,-0.058695720676932989,0.33516219009224663,-0.11557685800150763,-0.16074180125149973,0.084553971824564339,0.17435251797096579,0.085265028489319453,0.074441092797061098,0.034891887701604431,-0.13597609049920351,-0.65993885142766273,0.16149472506732593,-0.11038835116622782,0.12323871899037737,0.39276154757049297
-0.27247434728713499,0.17110751927230636,0.36430781249425143,-0.32205810372946764,-0.025056011512243424,-0.14371167060200082,-0.13038782551820383,-0.0095279778847779401,0.48391762187266252,0.17658125143255821,0.33087811580841031,-0.08962947002314306,-0.080455028768318504,0.0043253438057872309,-0.14899192625274452,-0.0027142750306051793,0.15252157654860385,0.37737819590568861,-0.21076038263456634
-0.034308690838669997,0.069391317189779783,-0.44875931955280407,0.12378854040403667,-0.16385687483736586,0.041151225362454295,-0.30696753033679686,0.14077704158506166,0.5243925391704809,-0.10625478139406085,-0.13950459830053052,-0.2152991431608394,0.30553148912257411,-0.16040043027698828,-0.071790837144250108,-0.033098847559456412,0.18978366194680221,0.2364785323322518,0.25563536752627442
-0.089342773008530565,-0.18246895060657517,-0.12486103893620237,-0.34822391170423578,-0.03846789943600086,0.17861515729246819,0.05144522871791634,0.043011903967399727,0.11396560950744501,-0.037597203602428922,0.1645980928198813,0.28048154416384108,0.15370613032351452,-0.083775053368346022,0.69002037566257968,-0.018575393281733823,0.34735494352795171,0.18962739649689447,0.0098917659893590359
0.026567704599463955,-0.2661567273887151,-0.30330407524089548,-0.17813861860576397,-0.0070230832991344605,-0.33496320906279659,-0.21163410458913454,-0.019653702904151457,0.036497800206088386,-0.30389443091151153,-0.14963454973666895,-0.08307563897098566,-0.396993589260067,-0.19750832626327561,-0.0056842001116695724,-0.12917316813677474,0.28294260124634857,0.11808455701812735,-0.46582740072799461
0.15590603740717429,0.10320389366966784,0.20858293767607441,0.036243706943793461,0.29002472348876179,0.2020406262306513,0.23309496450483644,0.080868731509630962,0.26818507749589976,-0.15006542221787103,-0.11051731729119191,-0.22173125523719386,-0.36442313152045719,-0.57613787443456133,0.15555093150739055,0.087671291473469484,0.16632676236721894,0.1612002784964516,0.16828789140103906
0.509427222874684,0.015309528791741077,-0.11145198233899041,-0.17862413091063592,-0.32493819880299118,0.22343269582915098,0.16898531776564929,0.22870281237237172,0.23833896808824478,0.016623388780157951,0.059754882263546007,-0.16017758352926267,-0.012261596638801123,0.080330516967817372,-0.0044776745201867219,0.45616038465874298,0.084859979183783171,0.089718734326306657,-0.37853365061513444
0.19390065472648724,0.27113243032348189,0.053605420266803434,-0.69624771086820181,0.0017368641237217096,-0.023310297868897725,-0.14647228767666851,0.17710846587370252,-0.091163278851301294,-0.05987665866266545,-0.32054127213396605,-0.020916655302309486,0.26367996706785124,-0.33509236243847634,-0.046307989878069444,-0.13694190198244496,-0.12979209720450319,0.10955604625792431,-0.03531545047684994
-0.28965384819001583,-0.061115992242011953,-0.1842858680066595,0.22358307539152888,-0.14632180063726372,0.19198076527037286,0.088271308254077127,-0.054825008009923112,0.036400446683132741,-0.272547859675773,0.15633495037245246,-0.36893630651221343,-0.36662512997950014,0.057468700393460304,-0.24199197985299872,0.17714525592583216,-0.38125269547396329,0.38308734314072024,-0.058496589481753042
-0.30131854838442934,-0.15101091921174126,-0.29787290562705598,-0.46207610570829788,-0.57443752744815679,0.036538563250597289,-0.12144694836793764,-0.10002169073741679,-0.12790988358463667,0.30243148788700575,0.070116311820756297,-0.15811044178877887,-0.11689467856148808,-0.0184937191069433,-0.12784981862657052,0.11609740908444768,0.093662737823367634,-0.13828098751455817,0.13648127966112369
0.075713037043611583,-0.25122961863196053,-0.13408598186430468,0.25561716125756595,0.41530186024549459,0.38834696032543853,-0.026651511188887974,-0.17820594576303853,0.42649550335678671,-0.15197231213024043,0.31617226738378584,0.19058221139956519,0.040390654556386706,0.022936337841052357,-0.14434933954953141,-0.048399128298302285,0.12177020551964207,-0.014795406415892037,-0.33228198444596913
-0.27992291902703115,0.18239082065104179,-0.46304399806492663,-0.18445289267277656,0.18365072297276097,0.095194519220858809,-0.032009704558442632,-0.050530552003573169,0.13560525475370877,0.29509206873513022,-0.22627312224132809,-0.0886463348835871,0.11643140803512687,0.32235585351118934,0.16974526315225474,-0.019878493280004798,-0.21608598429827358,0.1157599256559492,-0.47146483237508968
-0.25812278983527692,0.30492325491047262,-0.073746918014282459,-0.072829782888407274,0.36628769204552503,0.042839547107241104,0.40837367440260114,-0.11172939718424661,0.081030944978382688,-0.22190139231287556,0.01618010411373182,0.25919933066210843,0.27172793706837972,0.063195090616534721,-0.12235576226172415,-0.10964797587666894,-0.086234833961387633,0.42639559650650921,0.31156371423497775
-0.27562461155999346,0.073088169184175461,0.27306472831362993,-0.20561085858380665,-0.12348376660229733,0.29231568614873349,-0.05824575325150215,-0.31816033992643133,-0.24647517911941663,-0.40173284219784278,0.25656762284824275,0.24807056827517998,-0.21439670908757261,-0.32139198182924716,-0.093758978430902487,-0.27950596013377099,0.019250150352934921,-0.082749735276972936,-0.060310358796765606
-0.071560524537694362,-0.25109125483365263,-0.21392358609600881,0.23316023110933845,-0.31222229431905812,0.089502412243112811,0.34326347395878476,-0.057173053353254621,0.067386446198954994,-0.28018794469812386,-0.22229844248204317,0.45631094246508197,-0.16499812155385696,-0.1153094802129338,-0.15809985365365375,0.29221945038393804,0.27984061237809227,-0.034703604953893061,0.18441051637751235
0.023218899884147326,-0.25012587950546689,-0.15452209677231871,-0.049961299569503022,-0.35961339539155324,0.46947023325335402,0.18773506720645117,0.10806521118875015,0.038116865519255222,-0.14163791204097434,-0.013655320097625283,0.12033426917866299,0.41384727987891395,0.10531327337853019,-0.01421050055505076,-0.29735887870740485,-0.44554738949569039,-0.087690782499482825,0.022588335109615883
0.079185037834637484,0.031276728582109316,0.35996681905960354,-0.0013734882585210728,0.049834471283720795,0.1672833172395185,0.27552138789769776,0.094651404069517983,0.0915582702721464,-0.051899908776523458,-0.46399993782079568,0.2014257364795512,-0.28927010039232109,0.18678246146276972,-0.3436884379861404,-0.23597824524449235,-0.12939779775530394,0.1558965567690824,-0.38401917335011521
-0.47431160177852455,-0.49312128048260784,0.034221006996218738,-0.14775078240824452,0.23426494065428483,0.081891892870986416,-0.22458039054675016,0.054691608218962913,0.19063373258930644,0.11245070787851323,-0.27844831712707951,0.23012428069166377,-0.071652469383298653,-0.29827805190208079,-0.063305079954988561,-0.0051832867786139837,-0.28205867748037877,0.14194959034411464,0.12854018913114923
0.13270236641071728,0.45962729746238179,-0.16335658747108514,-0.18696855082405173,0.071251312431671668,0.22467472219108275,0.02178411609524878,-0.23646477043885089,0.022584826111483759,0.11483987968989594,-0.13388014274451851,0.08030212426414278,-0.11857649586063873,0.11039160878747147,-0.16072116688075666,-0.11651996635211129,0.70000886466185908,-0.056991152229852869,-0.023637114034845065
-0.14548740683792474,-0.26084659642268943,0.36332573779130461,0.52758998095211107,0.29919245999917954,0.087247106441278907,0.32899809715254857,0.022796018080039927,-0.33022108215853563,-0.079151110309771594,0.032414885783125721,-0.070655823491636724,0.11349164886958754,-0.10951253821100232,-0.17369933016276617,0.00080649478847046301,-0.18723799046602796,-0.24741606614712419,0.14790548065871598
-0.021394690964143138,0.28738351805076973,0.027270106629028224,-0.12194136841935892,-0.47906482509951454,-0.18294090067431124,0.32590538935775626,-0.40822994520435546,0.28464658408876808,-0.26379899808732143,-0.24322883309212165,-0.18961400093757264,-0.029642025221957767,0.031359307016258491,0.3019608541939694,-0.15100723122480597,-0.04687302292997611,0.014857010961330663,-0.038889612001271716
-0.34608067920876162,-0.2703350893023625,0.24432271766599786,-0.2716462001481636,-0.032747705107567991,-0.2580134365609843,0.083138989811495326,0.091276456175868936,-0.41768771403120608,-0.11416227861537938,-0.013435675228000392,-0.22067367907635979,0.067752465054926825,0.34740483935844862,0.16420514900190794,-0.33246063901218115,-0.11551624442351217,0.27566831977806322,-0.047860546162174736
-0.13837239366765494,0.0094903107205791572,0.000169599078289489,0.094092106374717877,-0.29447860798654135,0.084670756232782612,0.13158247795690908,0.24793575391539249,-0.41675317267200923,0.084176220941433885,-0.25980240778276464,0.059758651483643385,-0.22415233879300583,-0.35637325114526147,0.41126703987224122,0.14250781294704215,-0.28003530842070967,-0.044494649371993301,-0.31670931304453531
-0.49738653349076767,0.16489235100131472,0.21900982102811786,0.4583591559529675,0.12474420606032371,0.047442078152569116,-0.23662552942435702,-0.069859923614192646,0.034579550760533498,-0.24238341014265072,-0.26955813693069014,0.0425246612587614,-0.061174762112116157,0.11960915832605967,0.27957098026548133,0.049728562243591456,0.31274499762092811,0.19242284637629378,-0.14402036012346373
0.037709360866321831,-0.14134528376334446,0.21252376494141631,0.28673114126073512,-0.46286067996852603,-0.045414749770560162,-0.10898780257629816,-0.02522549935351797,0.036955801003266904,-0.23598473168601072,0.16111089614072835,-0.23418816199803069,0.097255868709327606,0.30675663248590623,-0.41312055065697234,-0.20789179059562674,0.34517447334281737,-0.16175928144199062,-0.14760927045707647
-0.51405586284743843,-0.088618323633967461,-0.26966741868553573,0.29285050370170806,-0.18663762850759205,-0.39496499060342016,0.11885217945396079,-0.045974579764964218,0.075506434386372612,0.015614878798457622,0.38830525231447199,0.17404036649069979,0.22203770170028969,-0.2077146715259669,0.061342275143481235,-0.18160000701387233,-0.083141260051230209,-0.04900977532381684,-0.19189299940080914
-0.20695934297638782,0.12100236169876895,0.34803487505977415,0.10423382054956486,-0.34271220133749453,0.021389360778502581,0.13249872040735425,0.2529194913575018,0.0023542307814096454,0.3231191930441521,-0.16554693193514297,0.17134483244079379,0.09871741467456259,-0.21569907737314445,0.019340827553801485,-0.43186198376118429,0.23625159439280696,0.06332826946957662,0.38333825502660529
0.057678698475891479,0.69331751254566487,0.10849911161728164,0.34692255125552263,-0.045743089529048021,0.25267582528372712,0.0058324908604687588,0.07377492924701097,0.052399516943218635,0.022297344120844484,0.15329185345227675,-0.15371624222488606,0.24224758033979779,-0.22114444200355049,-0.13039838954822372,-0.13476132528355153,-0.185114127138545,-0.020002503900022055,-0.29095019139775657
0.13748153237609947,0.11088534884854166,-0.024806335965937242,-0.019551274747147639,0.09865877500998943,-0.12947716303265186,0.21091366513268717,-0.089759245353743911,-0.33767579767280625,-0.42320990989312107,-0.073893608686358817,0.28041758162176061,0.41337786637350815,0.16911991113630809,0.098002666926153101,0.080495475578114442,0.12418486856702894,-0.22412580200333751,-0.47991615069429594
0.22044380988680096,-0.015156822963891326,-0.34309522101896478,0.45917538518978834,0.026403846604217667,0.032696351729490376,0.43320150322944195,0.23614544540530752,-0.10191620466320452,-0.023781028785000494,-0.027413570640656474,-0.1577681505852937,-0.057377171110773069,0.17483140695820043,0.23702664255529249,-0.36807030718075084,0.21783214060303221,0.2451818101446997,-0.088027031623234706
-0.30314103301586259,0.11698541023295492,0.2090474092198967,0.05485883446601373,-0.29415759100944133,-0.24291225163012362,0.056604314614098664,0.19155612366348848,0.050563101151226982,0.049544362174410043,-0.31159788988271275,-0.0062675224301265344,0.4140378896603949,0.15990023946964965,-0.26527617443193435,0.47167778086776802,-0.2591751692872637,0.055677211978428252,-0.0037964586740456842
0.074974449045638061,0.23079676287858908,0.049255569971869168,0.017169415709269796,-0.25425459046183407,0.31147274115376761,0.036766821150248812,0.060338902623495345,-0.46298945904602107,-0.33754695558367631,-0.00642720549202662,-0.29224189390627858,0.21139951724257827,0.032662190320522456,0.1593269381682785,0.24375194123597976,0.19043809757667235,0.11288636779117227,0.42240627485755239
0.11459654794803063,0.25665486011525179,0.074816424211181939,-0.099636836415211386,-0.15622001095495519,-0.43265805858073331,0.48069347795903078,0.070262455073528199,-0.37095286609839251,0.011255258436314676,0.19983090628774583,-0.08067428670634276,-0.20673977948223324,-0.21464659358504387,-0.38988334703249661,0.072633045360245979,0.11265461869632631,0.1173889816169793,-0.03356247981593663
0.050172998214327268,0.35694306914419682,-0.10193710569675757,-0.0091729379680162166,-0.16931193544899986,-0.40043148575667176,-0.39099439111940926,0.49361330245745427,-0.1827364258128738,0.16577220787888308,0.15257702271979254,-0.021015329842958678,0.058486013396608277,0.21112463634156214,0.24714995694592218,0.029084683287393692,0.2559189404656661,-0.057937790452756557,-0.10338003255506696
-0.19275780590557881,-0.23714325356545526,-0.10625114809688066,0.11710396713886441,0.23860968085785772,-0.11263402065360907,-0.17649841067113686,0.060645854879895877,-0.13301973977420389,-0.021426115276248804,0.43647925463543258,-0.017364031792759197,-0.29527828448646121,0.024492335208543454,-0.11271854975937641,-0.080356517715145473,0.4286955075717942,0.1730957686522778,0.49748518113152507
0.036511734347122751,-0.17610368676234806,0.091761654271511409,-0.18117186204083857,0.063745078149721482,-0.091599539039622591,-0.271821186658676,0.18272074689322709,-0.18755202393996256,0.1012021616702683,0.32345480924594677,-0.0083138216135351609,-0.037563394544305927,0.018865701237433728,-0.36602825117876314,0.05371843750000907,-0.46616932977447029,-0.27833308102930171,-0.47239941321676632
0.24208115979018666,0.12623850693577357,-0.048679484580504299,0.19282485407032313,0.33980222773577562,0.36677600676419198,-0.075166329427768366,0.41140799229229702,0.0073926264198318535,0.18398231658981282,-0.37805046433581352,0.36191110884977035,0.23193005086906987,0.054149164411337131,0.14431654812271988,0.21858913553035872,0.016143887795587383,-0.077411846004185395,0.14704218705286087
-0.034944408275039536,0.069841820116457592,-0.10942416077302332,-0.35499741490270337,-0.035632093577831175,0.13523512684981698,-0.36567857357113559,0.060129503504433947,0.20965199081490785,-0.42725869858070714,0.027281888555925289,0.29356383699610228,-0.15914484945494811,0.54845251050702781,-0.07335074299331179,0.16977909463468835,-0.07056730002433205,-0.019463597958910801,0.14103392150879435
-0.046140415889876038,0.010587716542011408,0.2791115870561216,0.16974141666559392,-0.16070355658707569,-0.3807203730365285,-0.47820673552133292,-0.23283539822750948,-0.1580247824998853,0.034765563430803559,-0.0046066522295874837,-0.4119261491975727,-0.019733184562626002,-0.42873887354795687,0.0057036538560238876,-0.008515923810843375,-0.16483211426525485,0.061229851008667187,0.16205200476683029
0.3006066281626642,0.11991428989272016,0.22456960348748453,0.3895990385742632,0.025179778422678444,-0.28078330742188295,0.15627738874099137,-0.24093167669588059,0.21580618776647828,0.16195230410280864,0.23528635616997862,0.078482536505074044,0.34319017585547718,-0.0089638106043723065,0.16413983995798204,0.2991094311537717,0.34593554794291015,0.085288246873493886,0.18857255130488643
-0.24144669735824431,-0.024209453149141868,-0.27403129486647032,-0.060614250889338361,0.2633018686688926,-0.40891870119170115,0.21198027476518677,-0.017328494281566673,-0.18925959633239189,0.11210274544899183,-0.4299443808258146,-0.18732156776873157,0.15844228297050078,-0.18250859734385275,0.22627680565362301,0.10558993433480181,0.27864139899043827,-0.20921555746753639,0.26470389748287876
0.07038255093425598,-0.25388805111426554,0.30720306012824911,0.10156729167366697,0.085916261249207052,-0.16497389595048961,-0.01802937000440244,0.29489262446635939,0.38170708248153468,0.065192104799604841,-0.19829587078066377,-0.2573845372849376,0.3340075978476697,-0.11666986709408464,0.316418451709994,-0.20197694303288657,-0.023445175173091741,-0.21172452028884045,-0.37017461664913698
-0.13018656599022085,0.044217906219437157,0.046741829073533282,0.01711844709142504,0.12499093163034787,0.043179760693799168,0.1263936019894632,-0.22973159754505171,-0.17406762496616354,0.06660657231276737,0.42902942118344944,-0.5331082495687105,-0.16741241764926343,0.026461517043760412,0.33015468625135891,0.12806846307282371,0.23312725037643844,-0.27711555836282797,-0.32264604768346178
-0.18947121493153454,0.065357580202207985,0.11027391741865712,0.1604913457179066,-0.16482138105981781,0.32979543430582353,0.15840537547609157,0.02606672337328543,-0.3348255055463597,0.33065252299055581,0.37005453242115172,0.36328091581234767,0.0048254468042329959,0.39568734378940379,-0.062748259953616228,0.16904021992855658,0.08727552277463585,0.21508457057691896,-0.16393201031798349
-0.16753903578223259,0.10887671837145088,-0.3676520698588745,0.2189327307418775,-0.037704126240192412,-0.0034748410798914175,-0.2769870455991672,0.045786384258300374,-0.54496656982083513,-0.030519293565145697,-0.30225590765010779,0.16241675138712711,0.066158267039111485,-0.0042947938430423658,-0.44271850892297271,-0.2578299391558852,-0.054330022600354425,0.10176465643763585,0.029801280792881371
-0.12268366988207043,-0.22635236557242081,0.041124982479325153,0.025751350331257035,-0.11644399204419249,0.2099946245203311,0.226957298441333,-0.32849798378020295,-0.13573910297090336,0.13342258442463559,-0.18557122821763922,-0.21397883147238561,0.37302234494256886,-0.34359304249270456,-0.14472324442383491,0.0066587735527424427,0.24894473330307873,0.39985961668493858,-0.31269622856595614
0.42155501363731107,0.078849287572579516,0.13737677144292851,0.014792883903932776,-0.16120580480081131,-0.022744718350294676,0.097069548836342043,-0.18060325340625141,-0.37356665979037501,0.51517031897321097,-0.26816314682157288,-0.24438193517056839,0.18313256268103123,0.27064847568127881,-0.0013138569535288813,-0.11085869783474467,-0.1215775271789572,-0.23854026332584025,-0.033010826314098261
0.26059066520473639,-0.30095855796898457,-0.031137515613747266,-0.021067488987734861,-0.15504453053552228,-0.16003499347639569,-0.026963554442920038,0.56604978298682385,-0.042804936143758535,-0.11110770879725762,-0.28928115471488253,-0.24945715921954018,-0.28754415736187655,0.045466219050047059,-0.171503373690469,-0.026728638164633833,-0.18567724130878016,-0.15475477515255601,0.36867641708125326
-0.0067921174990940277,-0.063654311705634861,-0.095102062115877198,-0.073709345301800636,0.12772441471897386,0.024619471064400076,0.16450811356064762,0.35386622691793101,-0.057204434292682391,0.48259216044749431,0.3391169081453716,-0.33103505925494903,0.25963924002834932,-0.20058844055870551,0.1404202607950526,0.13034493157531676,-0.29427604176548655,0.26421331160687661,0.22517916410599795
-0.31697430576129976,0.035660997236620431,0.13890824341717598,-0.13113006941892297,0.22011279878046069,0.15633124642699084,-0.38906865048088679,-0.15886715335629445,-0.083282830014362805,0.16482550580602212,0.1778417895763266,-0.029104868428751356,0.64621882914732853,0.11302403318922237,-0.043856825601327511,-0.10314020340477852,0.1424810621383186,-0.25246878810673035,0.1367792125091046
0.048483166083858095,-0.60410061587898078,-0.28551369048823749,0.31436714680380651,-0.064338843589792694,-0.037328753005008652,-0.31161796391466606,-0.04103065275976446,-0.2124990752261938,0.025026989411135032,-0.01137116713253955,-0.10380678021796931,0.21024132413088661,0.24196470276728016,0.2322534237225721,0.35895689569676975,-0.031739036862703761,0.020337761056969893,-0.066305948338960891
0.17029166606429583,-0.37358890182021237,-0.20078584106078676,-0.24885772010102145,0.059263440299630876,-0.29837386248023728,0.13829733842315431,0.20494898536227221,0.12362902002996885,0.31102409531966424,-0.019731985731892405,0.31079162842222241,0.31739672112454453,0.2342499031689923,-0.34120409242914762,-0.14802380454065556,0.24178464897187371,0.1122762393666194,-0.038806558151679306
0.39628920650322819,-0.16456742737579994,-0.23455162948834607,0.084000225581244967,-0.097490920952180038,0.096581881562230146,-0.077394329284046937,0.12615959995552994,-0.21667174965880598,0.059185978905281364,0.22080502022541779,0.019022462591219657,0.1831099763534311,-0.56224770569678995,-0.02657358507193245,-0.13493040464782544,0.28101729354360921,-0.40701923049269578,0.017246114294988131
-0.099421358067378812,-0.053469535743035229,-0.10064583856561614,0.45187264259275328,0.016502831134945384,-0.07548713792483,-0.049682344461002205,0.15066644787261893,0.16902277311882388,0.59026567199191926,-0.12427702252568334,-0.13980967649916196,-0.30623128130228272,-0.14145685159488328,-0.30363208199869307,0.19444567572827692,0.19420720216180662,-0.097242040825917572,-0.19713733618829246
-0.449780630849964,0.0054516314061148,-0.10337187470189617,-0.16181028418452137,0.10277164806346921,0.27108147268353783,0.19845287175473308,0.61991311621799672,-0.035045746796443358,-0.18529301868228701,0.045615415050141009,-0.11358925771765326,0.072382847460501318,-0.088925200245785901,-0.22253857152068363,0.0076214445125250066,0.2951012435532529,-0.11123312574360339,-0.20086150912930137
0.2289615297752029,0.09526348568213959,0.070765702728906879,0.053284637023573528,0.55315453848489693,-0.14013099496466883,-0.14804184518012889,0.1078320142024209,-0.077445265932478649,-0.11591083361628564,-0.11520820408522306,-0.48963771862216693,0.14546612153022617,0.22919337897927389,-0.31801733322651499,0.16506998349423019,0.13121160587837558,0.25746861850297315,-0.11602959105073088
0.17838538597653653,-0.1735640180920911,0.24166256559528493,0.21017310316597124,-0.078588575889837781,-0.062034364289766698,-0.14897584293532692,0.42099565774946129,-0.077925396843973566,-0.35377458637615178,0.18844367233638717,0.27851746870283423,0.16979002384283065,-0.24210554197531128,-0.064553690380116727,0.0070670530897981578,-0.050705802334054258,0.5272221893125616,-0.097560637410736284
-0.16810415974377571,0.25532408912168886,-0.27729380933848025,-0.091077857160212911,0.20619517983330618,0.0095783583919713568,-0.2600479787050321,-0.11104226270442102,-0.13212647874095049,-0.03672748427490418,0.19285897932327251,0.17492062599315786,0.03433393669465358,-0.38338129721322145,-0.059908344511071701,0.65100328403033803,0.077857257239162606,0.13366729312518205,-0.1127780492387959
0.058785598683263961,-0.29241122182046769,0.57703564148814646,-0.24762604212485492,0.01925928055904531,-0.041400885360504937,-0.15070381063979174,0.094182557583467982,-0.26313076817356423,0.09059605254907363,-0.15632366265673847,0.10158249881559721,-0.10585107063847322,-0.056642380927694289,-0.022218367158482275,0.367869801993291,0.44390501933254489,-0.14228886344506039,-0.057881056622809471
0.062749274374524391,0.099891347954664048,0.1662793545184876,0.04660558313870674,0.54418895477330398,-0.19997754651811628,-0.063797777512601586,-0.10299626377890132,-0.27535413748512355,0.37306618449844137,0.077176620456935296,0.26812966528539572,-0.055672474997715479,-0.25266609742461588,0.1789821952753263,-0.33319116236826019,0.064158265454572844,0.17630716654207634,-0.25964058486678782
0.10339739144155981,-0.11656072409580061,0.094338527752174342,-0.038149839462782976,-0.039661631285920554,0.57015542841120093,-0.49980401736703051,0.19742719467857847,-0.0960572224286695,0.19583106425202257,-0.0068044909874318479,-0.28778704082894813,-0.20859620292378708,0.024421159962369564,0.10598559208433171,-0.31271252722763387,0.081503475984583823,0.20792208291499797,-0.1283973219211417
-0.045148320158054076,0.2698810077839503,0.099904685831740989,0.24109285189761512,0.27709580979191073,-0.27044139200209366,0.1414722061338185,0.113648268022553,0.35647265362795916,0.094769970119659652,0.18649928894864043,0.014251858419793033,-0.37648878591769175,0.28092885739916035,0.25039132165543665,-0.066930144122586341,-0.40063445038874596,-0.18293319609915326,0.14600071491896394
