-0.096798880764280712,-0.19426187236632766,0.4154514721109363,-0.15902028523679654,0.067708419438435696,0.15853434715340398,-0.23751938114182636,-0.27836248511316808,0.32700716332679935,0.16328989990515275,0.61765798286025453,0.056548851831852959,-0.2703512405971511
0.36122105193320547,0.14282121800235076,0.11650374309004755,-0.189032263877526,0.27928813083113735,-0.045610186941795597,-0.0019309053370509517,-0.22743650034964805,0.31347897360126892,-0.40348591199983946,-0.15379952989302648,-0.025200216897507975,-0.61858111733689558
0.21698883009358527,-0.54597447783198061,-0.074204739093621672,0.14446980009035401,-0.031131982955101539,0.011787249214272136,-0.38380887429183813,-0.14774366598124816,-0.14684098127090114,0.57019181915345452,-0.0010010214511394686,-0.11161598464048371,0.31474458504916991
0.25041186001094312,-0.31422248056245627,-0.17851526837948728,0.34682685454784462,-0.15558455512354682,-0.10974043076095996,-0.081931777604287229,0.26734382715444815,0.31392995000843493,0.34661873519626818,0.12045129837008918,0.11571372735203841,-0.57041368135871739
0.39825769979870673,-0.13136925887822148,0.71376028175972828,0.26048454395796966,-0.07199242142125907,-0.12747224560665965,0.25171720076850629,-0.1222900500504423,0.28871958803436609,0.13172251458287265,-0.13113697967444685,0.16819287886547868,-0.029714036514346859
-0.12849869616944701,-0.32406654435833848,0.047814940207751899,0.041001611292053528,0.25194664832011543,-0.32065388431721953,0.32556133680523969,-0.1736420877839383,-0.044465642567650905,0.041184011901628931,-0.40972404189858974,0.30745856005577715,0.55315992317627682
-0.46391637726394908,-0.30289394899047206,-0.22511383517125422,-0.25998717237536462,-0.02291857215776906,0.50578333385997398,0.2854970889875022,-0.18674395487791623,-0.18662926688294046,0.20903231617110882,-0.28275427096164701,-0.16769178970967807,0.12428934458653057
0.13895833190609658,0.25285651293402833,-0.047838564232493358,0.53126880488593586,0.35137543557004974,-0.070377809404029421,0.17965729575287462,-0.19466787242625919,0.43248228731309329,-0.40485805112881373,0.024044368614122999,0.028157364730399287,0.28514399534833057
-0.18330598717897945,0.17736125486517143,0.47572866076956705,-0.45804742137335241,-0.055516149295376779,0.1499479606402932,0.12035566989663352,0.033266598684978173,-0.0032453758970313273,0.50292636669338109,-0.0040270698306966489,0.31245364236974588,0.32721423430811092
0.020731470892858945,-0.14216385530887873,0.2967414267753643,0.45839778926008234,-0.15302034832999731,0.28773630301113295,0.052929882791367261,-0.055753523626866822,-0.19066029494853851,-0.21522928710516243,-0.40328714232063773,-0.39346300645254101,0.41101040269922445
-0.37156193614026611,0.18023974522148573,-0.030720510752793188,0.085154186681322797,-0.23563641186307402,-0.090364248301275013,-0.28764755268026043,-0.19437226241210517,-0.70567559232157995,0.20627954262220094,-0.10678936658559159,0.20740293639647225,0.20518097254509415
0.32897694346946454,0.25633992534785233,-0.25664185228690151,0.074259118063967747,-0.16111902902804578,0.38080775285867802,0.41898179537164881,-0.17736126527161897,-0.13351380900685458,0.12515358860889839,0.0055730037989532299,0.19021219794711777,0.55408195278047034
-0.11284603457229841,-0.2146879934129641,0.0068550571082361773,-0.35614863879316366,-0.076225516751035824,0.16053218843815698,0.58786739615087291,0.013844438508056415,0.46510304522585116,-0.25023173548041688,-0.0015403943674166351,0.39141343418196128,-0.069150003522054582
-0.085094266269882313,-0.027184473830511834,-0.3064100401164308,-0.079793536350130215,-0.015231628359188142,-0.1094425763877659,0.51421857823154138,0.35210245081895492,-0.35037325807397962,0.40344356066865711,-0.071862528381312699,0.4194341366169968,-0.15665868134166472
-0.21595608006358746,-0.49269953004154071,-0.22171356680348536,0.18239304090741321,0.022426767930710384,0.058951694310420126,-0.2334314113989657,0.5489080686418365,-0.38508335498216451,-0.093006752555975347,-0.2767223668187348,-0.11498916765684963,-0.14724211487553607
0.12893144507066434,-0.46884906720229358,-0.52748094305347981,-0.40410652670395286,-0.04672357850572758,0.15874057681586945,-0.094463146419450222,-0.025676990904375259,-0.036978934442043726,-0.11200417957891719,0.3901362532955332,-0.22538839361602472,-0.26102901196748823
-0.13374731837387749,0.39502707602812337,-0.17174134581378087,-0.15078171109758587,0.37612444720189336,0.45231505395648713,0.25969317240460493,-0.13493578773464712,0.093994019311681984,-0.055859660013580344,0.44952621338588372,-0.35776071674252835,-0.010325071279164174
0.2038317946814148,-0.1679716716361262,-0.32586368317386116,0.091792492259618039,0.14759395170951195,-0.20857090499659417,-0.12274587723987028,0.08615846754501405,-0.38106249194759684,-0.39578283378056761,0.23978784137849529,-0.15774645015314445,0.58618654092606748
-0.28004261880068881,-0.0012937107733788883,0.0042974094178281136,0.45913572676057895,0.16385385220980572,0.060264190515621346,0.35470329290840863,-0.27810842588883755,0.20625986372133465,0.63229640654611363,0.17819238524862657,0.042544348185581608,0.034747226112073357
-0.29560318167911148,0.14973479037030021,-0.032299390339852574,-0.61197168561239013,0.030905502408214155,0.1285456568472613,0.040710816147590125,0.55868824984226717,0.10783576459466808,0.06594582966568481,-0.095499721434290252,-0.21033292897903386,-0.33769667973907802
-0.13254689175216927,-0.36558512608151322,0.21210146484784911,-0.19499822352391893,-0.063325894038470554,-0.27247670142132147,0.50319078944292928,-0.14660342130544504,-0.049535262656801443,0.21279052307751165,0.054382654631970978,-0.34086851134874491,-0.49592124274206129
0.41783015795473832,-0.014812358886452241,-0.23949573766682067,0.34235762110047213,0.44128497621299051,-0.23070956076212068,-0.29798237777105602,0.00011849631687088025,-0.23072236862877291,-0.0057613316444928633,-0.3021139867175579,0.39944155615084059,-0.0989259258293681
-0.20464384918964215,-0.17244109233204041,-0.44971768605121093,0.021146851850291536,0.65725898901172697,-0.37415945184082589,0.17051114236683104,0.2033663707793355,0.17441200122312364,0.079049198436417931,0.045936033373632543,-0.19869225185026429,-0.07083870162894039
0.38596497465680379,-0.12289899638456832,0.22422957674293129,-0.16990763646734131,-0.045913609664518212,0.66710345828951567,0.29044544996918126,0.14923130782251862,-0.1538154947868188,0.21985590026753946,0.10447248811691671,0.022699903007928238,-0.34581806063919945
0.35420576039795232,0.65888783203334411,0.064943669339510374,0.24595016130497277,-0.20411498380208401,-0.059901002933038613,0.12935185914317157,-0.13555219943926827,-0.22725313608031483,0.27076759961176583,-0.044773926444959401,0.11719683422745665,-0.39324254572015344
-0.12978685746586768,0.586496884341143,0.13739106688841191,0.17694305786273837,0.27027231633829113,-0.063224356313258082,-0.28393574157266732,0.1948753195731395,-0.27807789202440719,-0.42497093235741795,-0.14542464892901744,-0.31555700736991082,-0.12123994709507457
0.19426652772152977,-0.046428184879646756,-0.098234507956463588,-0.17382040216896813,0.55375029401762244,0.44434764074421357,0.10649632748869872,0.34746068360872517,0.03715881514001871,-0.27208495235290314,-0.35788007341875838,-0.00011417598861266275,0.28389720302308835
-0.29677273416117816,0.21251163300974274,0.42363579290885717,0.19603194515789224,-0.045780134326723142,0.40432973869948075,0.27496778180099773,-0.46124059245757232,-0.18074318371455009,-0.24706414028888019,0.064375772975509074,0.29025201604961792,-0.11331883003355897
0.43544440828735487,0.0057465493726196514,-0.23005655694653337,-0.21830921219503471,0.19758597427602159,-0.024795581086276275,0.056331904990973403,-0.12816179899433891,0.63757911720872462,0.40531315523989286,-0.24030618823591227,0.050507912655110995,0.13940031122081858
0.24097579493715585,0.30918954995554199,0.2088106139400161,-0.1347190350374618,-0.34123679548925079,-0.27013178676576916,0.010598421870211764,-0.24004438503867778,-0.10928611712395567,-0.56246607050705433,-0.27289242575542799,0.20847987219792924,0.30197410880978515
-0.05172181398651516,-0.0013222909186055498,0.14990409639964497,-0.12902701432379643,-0.35826788011745703,0.037883177927278668,-0.18145397642120067,0.27844106522138828,-0.16846005299970551,-0.34871794100175196,0.036644074338705278,0.55117766284186054,-0.51267467216006402
-0.39333533327348363,0.42474097697786822,0.078544168292866076,0.063371305242932746,-0.23017667022064925,-0.35123151150043308,0.18591730096306941,0.027235061367552629,0.43729530133755218,-0.21808546212500815,0.29830915391736562,-0.097772326994161787,-0.32512953606947897
0.61429904901066867,-0.40979105806472899,-0.22099434682037083,0.0091975988067031032,-0.19917066607058584,-0.12459385220299406,0.40422095052138612,0.12692222292610611,-0.083667053512738565,-0.16928144901759337,-0.3541131873715081,-0.097968336763804301,-0.020931577055557749
0.41219984536425386,0.30544022107057883,-0.20585959145018079,-0.53453576585858342,0.28624844945230332,0.011184413227192332,-0.17952536847022477,-0.00057926348333154091,-0.42451201117722864,0.30015612589578167,0.034982576099991815,-0.1065216847750728,0.10734591548789564
-0.33054595028857969,0.57620484577662001,-0.27739513313029673,-0.22845545167773817,0.17756804987916588,0.019868180174460147,0.046499828588891408,-0.21930731482851523,0.15693550473617238,0.00065640827488559631,-0.39247940869726278,0.40477159270812102,-0.069964246689575391
0.021783606048438982,-0.17408727204908728,-0.4004942504279671,-0.49225207279372407,-0.34159281516436252,0.0087949439583227037,-0.19761817541801749,0.27918194188677636,0.011643962366246546,0.01465445155953487,-0.26338815102611446,0.29028895819576622,0.42280197955858556
-0.24312126134276618,-0.17310588126019266,0.38157124184425828,-0.31118892834534811,-0.19646772596673281,-0.48978559717916098,-0.13544478954126316,0.23998676071146888,-0.20143579176503254,-0.025660762651193141,-0.13835208246397435,-0.381593937227661,0.32874416337437662
0.017500036258496401,0.032859470041552583,0.37741306739118852,-0.20116840835188049,0.079087561947270638,0.0057525264165688688,0.10707676059126987,0.03379057848268778,-0.39920889533781734,0.040445617647591595,-0.74835624161879244,0.068766513881605942,-0.26653328915965518
0.25195518091886765,-0.55116118096402367,0.2502410194906855,-0.4394354523462623,0.32496578574156759,-0.21524000840027091,-0.070216406903946135,0.3245613735883448,-0.019667271221165256,0.11800769992236909,0.021445244357280485,0.29596372046134456,-0.11156774406622169
-0.32503574545861758,-0.032986894077295333,-0.27669272770252196,0.13292549550259136,0.19506406123798867,0.36709394294950004,-0.43949346369013431,0.15850011063953204,0.50373991813085561,-0.31221901229462762,0.052885028114136846,0.026099603153586858,-0.23073405296821112
-0.16636143161479011,-0.14662163165614855,0.35465303276259713,0.069131322974112147,0.50855474488792962,0.086806927701042813,0.26097068535933515,0.15040387066464111,-0.59532809124782271,0.1594008926985995,0.17804376133807129,-0.16530620019858283,0.15661341566919018
0.45683868605603128,0.093226187350028231,0.15796853561709029,-0.4831757916287106,-0.54378858984187295,-0.24569471818622993,0.043622120849851814,0.13179072389490795,0.17581227722468276,0.12353863802527898,0.29636052402197066,-0.058025878459123076,-0.10715626466581986
-0.24047865955336301,-0.19926774026181698,0.49699970862699638,0.36541315798817026,0.18257304175445604,-0.15806517728616565,-0.44612391594890244,0.065742216794875311,-0.055152547230007017,-0.29948689473528717,0.11252493713758563,0.31921204533831582,0.23014864183057715
0.38999429978306205,-0.23080663635012458,0.32537437648168965,0.13338929998610327,-0.1125011293809,-0.09799521825152907,-0.26560141719818503,-0.23623860343014594,-0.57544421802174217,-0.19728791766583256,0.12641710095364769,-0.20700638034677302,-0.30572487570036599
0.49781219605935267,-0.076729039242240851,-0.066660866222733706,0.090286220102163944,0.26613266775911032,-0.21076160905427269,0.41382124844174395,-0.15805653320442836,-0.099111825345383556,0.044875966339379222,0.61026667329874229,0.16620167837341482,-0.10167613586270764
0.20403465917111116,-0.21733218237932642,-0.096778306115356899,-0.34997202118511406,-0.23110902885898424,0.017671203960264215,0.017156958344613615,-0.6122926241107981,-0.14382360698188379,0.22922148664187342,-0.10257512109581504,0.46247236408234788,-0.22965144874617174
0.020819970063951566,0.064108249139409129,-0.1278066404260568,0.32765619343286528,-0.65028470872991695,-0.14638690208632024,-0.51270600237765362,0.23309807937323745,0.10389117614224909,-0.2166679698495774,0.064454879331060616,-0.18590965005491844,0.11750251368747261
-0.56349532713939177,-0.24452245260096389,-0.079441197225389906,0.28853030884755854,0.018201068529017667,-0.06362800042740642,-0.19538562396147863,-0.25678069708226642,-0.12527876620535258,-0.088670903549039559,0.32130071026338447,-0.54574054664499749,0.0022988433341756881
0.086753508262050499,0.15743092414945184,-0.10648414380423483,0.11157640559463947,0.26194758904950499,-0.18399880831355994,-0.0023754545514362898,-0.72177977923243541,-0.11992258853527742,0.14695916722815591,-0.3752357486163998,-0.37875967934684796,0.014771140230066607
0.28028819447149611,-0.04285814878316873,-0.066772635985761872,0.29743640658286741,-0.44088054477868338,0.24214832820370905,0.21823666399538455,-0.47695926051339621,0.27299236320334086,-0.082268498493629313,0.23129855779299197,-0.36036348368706544,-0.18409796713683715
0.25689963168616736,0.15067515399601139,-0.41590444094580425,1.2076089617900668e-05,-0.226174405306098,0.51196736536956022,-0.29768782298307822,-0.14821146835254581,-0.23558269118112249,-0.20507375821675314,-0.41587647349341078,-0.080366468295801463,-0.19366591805461972
-0.46505806993378845,-0.003041996137985037,0.48904442719849417,-0.068694990046091975,0.43756959367138248,0.063280961537493019,0.091744635582427472,-0.11349281916479195,0.4031918829927531,-0.031922888711646502,-0.2711440982612468,-0.29164336462240126,0.030020282702360016
0.050026572378003384,-0.68795923620441191,0.043012117722166246,0.32965651968706128,0.40503417522635626,0.27514564605674774,0.12946007990576389,-0.2874043816231408,0.061152958040038015,-0.16440805192454883,-0.037848974282888401,0.037885476880096754,-0.20231021129933582
0.0034577252874235251,0.17392094184250123,-0.19467294125595458,-0.03590639399819047,-0.4259602053046263,0.097501117331702122,0.29173678779786316,0.2345151275757946,-0.5376590358436969,0.0042690615674474313,0.14928775784392087,-0.53632524536037796,-0.021665571136829036
-0.20169233105211876,-0.1863448305464237,-0.30915979963265661,-0.11057336037976191,0.43394850936159468,0.2698678420556761,-0.1259139940610286,-0.077078561337087709,-0.091466324782335864,0.1510898448918756,0.36831707867307328,0.53438248589024628,0.28537311900480727
-0.1303087527031502,0.37825313450849796,-0.38198325156747986,0.25604296857650644,0.082572150924497822,0.081420961328385985,-0.20619988049957205,0.34307169308203744,0.030267381847393977,0.44899230220409336,-0.2861506410844214,-0.22026045867819347,0.34914727223791903
-0.0090889464029497106,0.26508100959578362,0.095261780383057215,-0.48498194369447883,0.30317309782547708,-0.21569352433034397,-0.27217251131070153,0.14087390081686585,0.39657455808726921,-0.2688457103490281,0.2856073823301335,0.067947568450585638,0.37049744448627486
-0.71028785130452832,-0.33357671219550744,-0.028941153400139908,-0.13082464679189812,-0.09851035377427958,-0.28784109320913637,-0.17330725087442228,0.027565613128793517,0.19993426772538955,0.2727035575557179,-0.080434248915154868,0.31245338443007853,-0.15644579979503415
-0.051774106164886369,-0.48997813088095271,0.24278877068101576,0.059608739119525189,-0.51336734032163756,-0.0076937184222940058,0.28833025039194649,0.010584979656727257,-0.29849750118670848,-0.0076779092780417104,0.35218519871413589,0.25630290610950318,0.26268686180401951
0.35732403177635941,-0.049827933655935394,0.10730966090653585,0.040526030497864463,0.23306569989057477,0.068108787271282833,-0.14220402813657057,0.20333822858042666,0.14313460912770437,0.1913154747291527,-0.032543934490799745,-0.80470782287296883,-0.17449707050624158
0.18858141362524045,0.43056471006395597,0.17679218214240972,-0.20597880897042947,0.20188267647181457,-0.31558822427876337,0.64433027303505896,0.20920318228751136,0.05247966220254522,0.016820288605034327,-0.13002808403787344,-0.22980584347943186,0.18257397265243164
0.096331939338909156,0.082115899788530178,-0.15341110429476851,0.70902090020160247,0.052945195258364754,0.43328812131612809,-0.11072497574834589,0.14724466063364799,-0.28251404883105313,-0.029790238640124395,0.38605046326753706,0.032729939725247022,-0.049405235134031444
-0.034451718577350104,-0.038797743981307573,0.064140717262894928,0.65344538782638129,-0.080235235457364745,-0.61709925918820718,0.26531017450636579,0.17420210144928025,-0.25812954126615173,-0.019204121818872127,0.0014454026764117946,-0.10206011905167185,-0.028281489743941547
0.089498546819213945,0.22427299206355394,-0.068321021383868336,0.21066778609864559,-0.2293361118493206,-0.41508536319297828,-0.051199063099156485,0.040106543647140225,0.25985841558416228,0.21681850004719164,0.20346256377221528,0.6551619666317412,0.27991300747651843
-0.24891673603861442,0.25366327955302626,-0.34017540513690642,-0.095074513087282181,-0.50970617741116142,0.40954395059244281,-0.089196492011972994,0.019140236184596641,0.10565680313716837,0.36822174171563837,0.32563392912333616,0.18917375780420601,-0.15656677387525422
0.12799362306702913,-0.19525651382008746,0.30564575982917902,0.13312755563355261,0.040948905307653861,0.064855322693215839,0.25295723786573843,0.44924188749292593,0.053815266123197779,-0.62119456937188389,0.33017987852001263,-0.22653621074838637,-0.11638472174351339
-0.15048922262975578,-0.036405484512068646,0.18561842714830265,-0.26799043565023217,-0.091748621693376664,0.56412614314580756,-0.48378323070817447,0.20293394349374383,-0.26244280905703299,-0.11943106021907654,0.25124982754728148,-0.19522242498654357,0.28894942211777991
-0.15712397629403627,0.063122762150767023,-0.081778453223278549,-0.05472869291218823,0.029846435414884399,-0.34805063976818618,-0.31136678276206786,0.44706816350064954,-0.28287079112241909,0.18822671685403064,0.64087149899282936,0.024163275434687281,-0.12668871477033031
0.014787048137121743,-0.51894045944906186,0.26450960662296408,-0.24496630044208978,-0.39973300490261859,0.24466703435640971,-0.24550927873333905,-3.3955574914954344e-05,0.33303739489613127,-0.079970199437430514,-0.34966200925224933,-0.19323129790813531,-0.20898346345306337
0.30266660118353078,-0.29373856582404678,0.31243890675505875,-0.46683995990085675,0.11033904748967918,0.14390089019493443,0.22821885324447042,-0.40711986615493767,-0.0097578569156010035,-0.15764662005821073,0.10830803753709052,-0.29190056849065477,0.36600016038163935
-0.0037118554944277353,0.095589224075911985,-0.43213999532787067,-0.23197651193063529,-0.22833890143886285,-0.60417810529382032,-0.16781534550047478,0.0041749102871339672,-0.22121822551371167,-0.020173641796454114,-0.27597051683917945,-0.10314615381737176,-0.41085064621736078
-0.40981669836328904,-0.16782863615309607,-0.027800877662063624,-0.42601261463483442,0.31422515126546907,-0.17270327849236453,0.047024065535764902,-0.19453658616645111,-0.31866564807366426,-0.57692121148084397,-0.029139191335953073,0.085197104579734007,-0.10252342755181422
0.064292762722703428,0.27994647367334696,0.28127425424470837,-0.12673167331761831,-0.022890749659161363,-0.17643850642130812,-0.75105793492263095,-0.15429024598651517,0.15834290824242858,0.3028309273053979,-0.26231391471786741,0.062575704364932538,-0.11519070742414927
-0.29600495202463917,-0.033956161208934132,0.02263626666919628,0.016262812787062954,-0.2422593418760875,0.20331123920333047,-0.28010364984573061,-0.51816805292580626,0.39961002687375041,-0.012407833464891551,-0.019604645804540889,0.092904432406559309,0.54278193576674016
-0.5635702942605787,0.25691821896844169,-0.018906310345448353,0.046966403139331155,-0.046168837423056455,0.090337879773077237,0.27451958881785521,0.41912511326677726,-0.1066986972314949,-0.29499942836040488,0.070435873202723362,0.19093100929830722,0.46116565791322228
0.61594399658200982,-0.22598317431693932,0.01183061216243231,0.030595386090153533,-0.099835787644366236,0.30909917036570755,-0.30510170350073357,-0.014863886097895662,0.26068955444773106,-0.31493301470870944,0.21708956277854743,0.35316064513857781,0.17509689793941771
-0.16031000277589041,0.10920773425861091,0.0017854413688767881,0.065353873786861458,-0.66871566121985171,-0.18643541820827286,0.3431698920682501,-0.071160585598131584,0.17117001060763709,0.30614335220669153,-0.46081495200983646,-0.062162467354866406,0.11871956749003899
0.15078183106840937,-0.47139227040917531,-0.037310883554782868,0.023298601650676109,-0.06949757339069991,-0.63058879345878427,-0.14478414671385081,-0.30708709187539246,0.4041560179228107,-0.20208646558743187,0.14782223905436589,-0.078454897585647276,0.056520420711603563
-0.18230099830071572,-0.33198432703507896,-0.066491213867826693,-0.02002452366720547,-0.16095279656977662,0.080312628329236649,0.082776115512462417,0.42579335688637299,0.53394065020563941,0.22615502279970989,0.32630971761458843,-0.25986631458379139,0.34781554730431385
-0.14350980664717056,0.14390730950012956,-0.17221689979826799,0.3933163063494346,0.080628497769142798,0.27477235391820792,0.49570044857616546,0.21143689581270028,0.12668689703397781,-0.093515763445685601,-0.36350364009216873,-0.23584282471808055,-0.43515795438905353
0.32695755085814604,0.41391318404729638,-0.58406214058644534,-0.01360127975526376,-0.039772185491493507,-0.014448492788558677,0.10749354870892461,0.46865903768681033,0.14238430209232503,-0.27492339904490182,0.18613837179220252,0.097565423175065225,-0.0863229097723896
-0.36134465925275083,0.083619311864377738,0.5556264418784016,0.30413717112245187,-0.29201145629051528,0.15216065745383767,-0.11985376656638227,0.30461547598882682,-0.10821978873515581,0.32163728918449369,0.0060825068749814594,-0.18407465894471825,-0.31073472748141806
0.42349438441605525,0.15617280582326479,0.29532508417951303,0.11479609170354435,-0.15036440982972282,0.0038108995743079146,-0.061734757685547564,0.6491632464087167,-0.35082014977582693,0.061535474284783558,-0.080827015898487939,0.18158291532400853,0.28574933046133116
0.16261756863489524,0.54812306562465918,0.28400906392789355,-0.023719793627965734,-0.2448421846926411,0.45240275569607763,-0.030514096731027888,0.18448655308201392,0.47801783832334677,-0.097614626385897907,-0.17222339637011172,-0.11884338273831188,0.10245091628170251
-0.089849439042389331,-0.15003351280631852,0.053189221573715223,0.34146208059811367,-0.11387308540415515,0.47741310158948269,-0.054910497958254395,0.15776281338420528,0.1359240845006193,0.21951352785228381,-0.43994914258415818,0.56298159620259391,0.063497157087824538
-0.00021893478466762024,0.0020833450949799518,0.077730122914651131,0.077984773137745961,0.019648175963566789,-0.3980236216042875,-0.058539132454372464,0.50608280619748791,0.45869699650962675,-0.24332310959087008,-0.5255020554259423,0.15014666004631921,-0.034799768854145478
-0.28767584719274203,0.076535428345385265,-0.34072746978604207,-0.39814317254088838,-0.14132561662756996,-0.38429334336201465,0.29342817349048667,-0.31579655146139918,-0.065675007074315034,0.18860745332736428,0.3610599574326992,-0.062715949037051522,0.33031245954708655
-0.26265736214397922,0.035989498488758202,-0.1644895060123332,-0.0074988057207610861,0.37644856560414058,0.19661228784264645,-0.21292082041838206,-0.1601470500116961,-0.31745068320733066,0.3066164127589272,0.018972507705586037,0.0010677412808097271,-0.67535243525245403
-0.25392563162420528,-0.24155816868534097,-0.6792736476819532,0.36456845022046319,-0.27449417341516613,-0.031135974699782517,0.18800376646068595,-0.17675431725177276,0.022321202725277243,-0.25501572061992489,-0.043499139873500001,0.26370145237385556,0.054614021791049898
-0.12542260752692597,0.058913441833412294,-0.37162139053615156,-0.22795206498979553,-0.12386730645239391,-0.048914492548708548,0.10200260870332521,-0.052600693481936127,0.32707638615352219,-0.45044136859466516,-0.26699334082888715,-0.57829577796881804,0.21033029250444665
-0.031005425599136945,0.34173064431535022,0.29398962437821002,0.14015333435474103,0.50614152622378616,0.10605640322361956,0.11895378381194813,0.40734822658548969,0.20763461803949579,0.097407110184841536,0.19003307496340149,0.40723815384266771,-0.27225066589421271
0.15172716103128736,0.38229703995541053,0.39046413755867232,0.22683400943372711,-0.083856248815278797,-0.12304553095228832,-0.10569697636545769,-0.15365636637065497,-0.04622127744282991,0.19210336025619748,0.46687620113689737,-0.32991478889141401,0.45177479541504884
0.045898556071222806,0.34759473932998181,-0.32077318899196305,0.062342422815442319,0.0054917311964255543,-0.13134051439412961,-0.43224674401810687,-0.51206761225474418,-0.066027043327791801,-0.28793522074854339,0.42299606269474693,0.15158895963739064,-0.12160214914803358
