-0.43793442319973847,-0.25101266964291591,-0.14625598586333136,0.39900676564495929,0.30206182935934112,0.13751334316072431,0.26448370860608761,0.0079050669422331046,-0.37119507123839257,0.24465194930977205,0.025610725618518786,-0.30219317040037136,0.14282155925854786,0.11840319871925677,0.042750245541827374,0.2022008162807922,-0.13302792995840729
0.048539813989403206,-0.36106505157177454,-0.19717069001341234,-0.22628845710987736,0.39158269107369831,0.31292611379412905,0.269060656150091,0.11593241202935398,0.001294973853485951,-0.25915268059101382,0.033451869389822801,0.24824089724536069,-0.34236632578093029,0.13839380916070057,0.30253293600014308,0.27572129160889536,-0.07924099810327799
-0.00010654634709245096,0.07965085275751406,-0.34045033029035726,-0.30379472345539615,-0.19067042052850008,0.12706169909385864,0.20707117984569076,0.17832307754766197,0.29436505088692222,0.24541936663708253,-0.33526193270374405,0.24122650162015821,0.28799675159670352,-0.32888155215886966,0.30308034880422546,0.22008880113607834,-0.096986447264495512
-0.07394865365769876,0.14843586739827602,0.056871764004671838,-0.47269456505262236,-0.33165088048275965,-0.34811322145862156,0.087014723004329303,0.13268984048540769,0.12939454414204138,0.23195806101887947,0.25294863451953675,-0.31441027928911558,0.26096051547262406,0.020172321206162774,-0.35763316046578075,0.22077728652688522,-0.10456977006271929
-0.087092665682738768,0.06855455218668377,-0.0045157613380032522,0.042681628965664305,-0.48795248668914809,-0.44745317050502492,-0.36527179492994094,0.0048733453106610623,0.10537415558708865,0.18508858760082605,0.090399521359094584,0.18125776013285627,-0.40239303902181034,-0.0049405263595057574,-0.019828246548414696,-0.3536564817613061,-0.20078656473273504
0.45261154430824307,0.084584110149138331,0.14470386099538246,0.013790342264524705,0.11545291764559731,-0.41472100473016099,-0.32306743044550162,-0.31288353548474584,0.12566719837247461,0.22783844262695876,0.086658714913014315,0.20712503779403463,0.31823603726620442,-0.34365205286927775,0.059693539166892594,0.17318388847044691,-0.090704886615186511
-0.32497701117439493,0.3743632010773249,0.12552341139651302,0.016961994116764734,0.095082617019309479,-0.023922819711966303,-0.38535657538769391,-0.35312062377564296,-0.3133914548443425,0.21629849160297385,0.084010836418360324,0.18654666473024842,0.077468307569615466,0.31943729389002878,-0.35710877834100319,0.15757739389077313,-0.090199063774817567
0.013207341231952293,-0.30963965635417051,0.279045638426906,0.11749808618462085,0.21272009884553961,0.085260868492106096,-0.014672488902252983,-0.38821145561452264,-0.34600864513211788,-0.25730021646002649,0.32682752058112247,0.26230297552680359,0.25573298250437709,0.097036115585236185,0.23058606067413182,-0.32387094312443093,-0.12004899040213032
0.26955414154058993,0.35965763278494522,-0.24466792578906718,0.30981375992845445,0.24011648802372471,0.078330469717905013,0.085196429955531228,-0.026292429394597118,-0.38134179966278126,-0.27956067424956077,-0.31134579053268174,0.28656400085686029,0.2908764958308499,0.058903599256405814,0.1210740953535826,0.23188389811104546,-0.10611297353159552
-0.4364322277956888,0.25737358107260105,0.12177685103447536,-0.42242117805587415,0.1967069038361246,0.19129093540694025,0.040078458464463874,0.023618698954527582,-0.068039128282728636,-0.36206702962390336,-0.37694075725978038,-0.31074806692235862,0.14486799398794181,0.04352869818123295,0.037832434732495229,0.19990577292685502,-0.18417626480602436
-0.10115483552637906,-0.44725465731824315,0.17107998156961221,-0.044895127426701729,-0.32635224840237598,0.012109548352737634,0.12207486326633715,0.22212725729672994,0.19558496655475066,0.16357398754568966,-0.41815191296336013,-0.33495850380571435,-0.34209835021897655,0.11670501746902634,0.038164043453076342,0.20830403000253858,-0.24493930011029061
0.073356308319868849,0.054645771984363017,-0.34253943912636098,0.030400813621629177,0.21533221723317164,-0.38892512625700099,0.045998036941315955,0.25779066635858555,0.089134894941528334,0.19963659227853703,0.20819695511672323,-0.35133971130802988,-0.36483256115134843,-0.34095064290747251,0.28240200862480247,0.21260146309513336,-0.13522896004896198
-0.029194692917667787,0.011305297212719681,0.068959372759470131,-0.4070808620580339,0.14585028493454777,0.23824517957818478,-0.37963507549661751,0.019160299287664415,0.27927757136519721,0.12523979136225274,-0.0094740969683684839,0.11086601700975447,-0.39387750428754353,-0.37916310947032933,-0.35244266266261692,0.22197256236228316,-0.16605076834744203
-0.05888682515291796,0.043762531634777842,0.081167156510412841,-0.027394135057224701,-0.39016671716433615,0.21522804790632424,0.20938178424589241,-0.46283945287560263,-0.015728714764560642,0.16604688557947675,-0.0034721447973313797,0.18360766620586602,0.1814733441547316,-0.42176273694667349,-0.39670165260348056,-0.28515392810748641,-0.14007223082932266
0.37567900253729769,0.22067509951188199,0.11422909780127857,0.15023720578302208,0.044813715140457774,-0.35485686252070958,0.19402776540784075,0.14630273237963318,-0.34068208352997309,0.081181130282609218,0.17612813943001795,0.10168484913921838,0.1178104753736698,0.12434051253614514,-0.43240815392700593,-0.4287281372797011,0.15305316425720714
0.0055624565508936479,0.51533426963684692,0.30874197859280222,0.063331226049308312,0.24126831792327535,0.04212447742824374,-0.29973469435418393,0.2646962612449546,0.28462864535626442,-0.31940595319212828,0.15612757326837151,0.24233387629101694,0.093693597745187651,0.014400005078935,0.054400313593812012,-0.29844748931993414,-0.21914840108448216
-0.039945478394464801,-0.0042335161665841706,0.42773091389612566,0.2406239094116773,0.29365794523498157,0.38197021082556559,0.11297578930372135,-0.32306796031191293,0.36593888295516119,0.19411285678339063,-0.32797860602805451,0.2062706593560435,0.096131624718103992,0.078684755502277562,0.078139058576822684,0.21110611448278868,-0.14299463867580028
-0.49613590437022509,-0.26593814732282078,0.2603460600622633,-0.2560755471891798,0.25452099041710391,-0.28605624599156376,-0.24316646370717521,0.18658852970914808,0.15325577275704272,0.26111463708329069,0.10952766972979824,0.20279471377705904,0.11769771697989981,0.078140639237540055,0.33628236393357724,0.13485479431395386,-0.11487576998957305
-0.00099469297888321313,-0.51893635142617878,-0.32412656342233426,0.12471903277863297,-0.26440400834376998,0.26740400874263304,-0.34794962863350937,-0.29117299554886672,0.07556142380303249,0.3090054032134833,0.14355591341997018,0.24478246352855232,0.044355387014353591,0.12075343253337729,0.055228134780820629,0.22587122004097029,-0.10241482864802495
0.013762326941956593,0.01833654612395709,-0.073767024403336962,-0.074149989235106142,0.048441827128346895,-0.03961328492052605,0.081331408799812308,-0.085061758425518996,-0.018615303626631548,0.056706799965327639,0.072387058969145934,0.090275786841781946,0.029270040169653882,0.042991381838979048,0.0088469172130873786,0.07342718208559465,-0.97244117714866318
0.17460079782695326,0.10037852576313393,0.042319361921708758,-0.50055581176305408,-0.33955494109888806,0.062191094131412494,-0.38089514360744292,0.12687278047045591,-0.35740246797020014,-0.23431034219111302,0.16369679500868808,0.26957555352443335,0.056706028140146046,0.057692980937751347,0.27536289606416126,0.21683788700928935,-0.12351369578784668
-0.1781609832040997,-0.11335500796774338,0.072263013578182211,-0.022506195298106404,-0.40861156889154632,-0.39162447516125687,0.10703930819753087,-0.36119058871491527,0.1164494242408541,-0.285274893314789,-0.3020797498752007,0.2647201303347424,0.31305837330253855,0.29390011440040525,0.060700492100149987,0.17835261021927923,-0.10622360433387618
-0.054365395233066653,-0.014420036403575724,0.067998863292730222,0.019333151046584347,0.005517094477645007,-0.058263763523805467,-0.083321974768472848,0.011897303284500416,-0.035211683319886007,0.028760215272429935,-0.08943353871405442,-0.027392219477364661,-0.0025765931014249612,-0.017943763494466889,0.018344069013863439,0.89797460239059046,0.40433950510697475
0.066999771566816274,-0.041878553692496136,0.15367656580700698,0.007869873677946804,0.12706272251903861,-0.11195404733126108,-0.44987503794005262,-0.39345331422096813,0.22377915419542543,-0.29753138299528242,0.1010070296401436,-0.29738953188428308,-0.32613486023421934,0.29645440828484454,0.27468265889905968,0.21307274297629836,-0.1785003741689451
-0.18984136684382233,-0.073650828298030116,0.013438147016116151,-0.0735437664788786,0.026909032051738835,-0.094466328038281894,-0.066835995709157658,-0.43979997749787841,-0.41477548214226684,0.1413708823307194,-0.39134167174041645,0.14330032160040604,-0.33966743800278176,-0.33230796994444406,0.34792396738166581,0.12943943212358186,-0.126852535293803
0.11319509195134125,-0.042220309092833107,0.038821956326515021,0.060714244905927604,0.035187679987051225,-0.095923235574862306,-0.13274826008727184,-0.15484518520958229,-0.49201719489265011,-0.37585649054729858,0.19782408357008047,-0.35008767492208048,-0.02057542365464855,-0.39058183792705325,-0.37262069067765241,0.23774206704227541,-0.18650099591419711
0.0036108132008338375,-0.072510252010397958,0.097287622729309478,0.11027055620240708,0.073687987736890004,0.11356565115647772,-0.012419833683332191,-0.15565308688812837,-0.1076211361997915,-0.42453782886827657,-0.41126319860919119,0.18535961763798831,-0.42063003270524163,0.21110065341322232,-0.4165238729520323,-0.29897938843492367,-0.22519176424284484
0.47057375650259647,0.17133985931842807,0.18786965482033444,-0.043629304659260917,0.17080021414992697,0.18020029517711797,0.063251422591932921,0.12790408931833336,-0.070621115227913561,0.10874199213814979,-0.42724744101083351,-0.33385216722296585,-0.026396153696608776,-0.3943359962982666,0.043903008180643174,-0.30891230054229474,-0.25619852492243006
-0.018505528880757068,0.42324189229305481,0.24297535226536179,0.25071206572070948,0.12752694815472854,0.19306833310054053,0.17145251007657922,0.13519286846784637,0.1462447128936909,0.037413988922104159,0.11159301972368244,-0.47628437974761856,-0.3782381980781902,0.16973881369187138,-0.3683318217105922,0.1489232001610889,0.074898069439358866
-0.36650246352071097,-0.20497254559293146,0.24659507954145429,0.2555362279341391,0.13590064003152658,0.21680073789704662,0.17110889054366218,0.1459586298257102,0.14634370097626542,0.03383884227757436,0.11820831773043951,0.032773525193425468,-0.42176804615950064,-0.41057594380613011,0.14404818283705925,-0.41854280023701451,0.038767039987545375
0.35874006547332465,-0.21873380750430343,-0.21186807336478317,0.36558654425946702,0.23896507525514643,0.26440799172607765,0.23189461649125795,0.19455875461391639,0.19415128559852801,0.099357244067609388,0.14912690039351906,0.085956555767898166,0.12881924011579504,-0.3904639909839378,-0.35495885350716833,0.1800204318844271,0.14704337993359334
-0.35066772683649389,0.10499660268226058,-0.23205135955861134,-0.22254470966558887,0.36534680583842061,0.13654894034522061,0.35231380187652728,0.13178995467198376,0.28730426203716614,0.21172636878362344,0.030592426154368076,0.21111605338753547,0.072286613500796196,0.22029195869312632,-0.39416531777722641,-0.28488853597646824,-0.07653112263667089
0.43678812285777385,-0.25958905382244835,0.32379103260370284,-0.2883026459003688,-0.15533640431033074,0.16595805225754176,0.16377474005548179,0.18944960839892028,0.33775598506633636,0.27223773406792484,0.29509227753689016,0.25231476783272117,-0.0019860443486062317,0.092206337449534673,0.074210933449260441,-0.26228226856052478,-0.1332138488020751
-0.025074669124508259,0.29562842995522093,-0.073933395912762295,0.44680775998399624,-0.14191094193746051,-0.18528367245536337,0.21026163097271536,0.16811599661589616,0.25134339757014412,0.34050751960697656,0.34253342448871371,0.28655028892193324,0.1549614551809414,0.30296538490836977,0.13765286282205169,0.24879817054202866,-0.068710026364172921
-0.37521054960818784,0.2140063437970825,-0.35865499849430738,0.26843270526018853,0.13021646685823385,0.18524073958915496,-0.35813176043503464,0.22619246935627094,0.18040720465580939,0.090716935200501836,-0.37257286355782904,0.0865362800087673,-0.32837465649696679,0.19768848093253602,0.19145308590685706,0.070909131076149129,0.079803035476286047
0.0061391356300624211,-0.43172034966870254,0.10167364123647324,-0.33645210598810527,0.14222181673251935,0.17635770436969303,0.12701709370790112,-0.34701960622010364,0.164392256645255,0.10095781979430993,0.13726322031546187,-0.45425892000632534,0.17771321938742562,-0.36114305457388496,0.20657080366598379,0.10099574455697466,0.15770124435805657
-0.012496487115946532,0.11635433589420309,-0.42776789261063219,-0.036193326598396525,-0.31410422688664758,0.098579988119307196,0.24877798074785648,0.20158644804225459,-0.40671098953053286,0.20911458036258698,-0.011223020569309914,0.19147895668090983,-0.39006298963871272,0.017343178315167899,-0.34477017181730968,0.25594250844882638,-0.091363427317683849
0.011170178855786387,-0.10548673603486777,-0.012667268019721525,-0.52379952102854965,0.1145219520381746,-0.43527537571662639,0.22115883917123572,0.020811170104406345,0.037791132161672125,-0.38152503707834562,0.00044724670503490285,0.1839837538756087,-0.032867641261136123,-0.39819652666567418,-0.0028896374786169282,-0.32619825673008107,-0.12410864946087435
0.36715189588058328,0.20962740959420589,0.10015068535460055,0.13846678653343097,-0.4464630504685701,0.1877991018978801,-0.32366169593398225,0.20236847102443839,0.19643734116035416,0.094099552211781706,-0.35526032777055383,0.12468796055405527,0.17655493313539336,0.16920295728893051,-0.37982539414188471,0.12250873008330133,0.058895053157640424
-0.2576475834894717,0.36032895357555289,0.19638891502195369,0.068743361967336936,0.15032543035436077,-0.38495392715250654,0.25570449283017999,-0.39346149302548417,0.11682482991827021,0.18516971071189017,0.023656885567594904,-0.32111926504324073,0.11058680004119209,0.024837262267248469,0.23188120427834369,-0.36569995436751623,-0.13243014861004382
0.27045868252780664,-0.15082984442955558,0.34619548098024211,0.3929587034438482,0.19227929529685833,0.035666188622004616,-0.31794315371412962,0.32113168694356253,-0.32767498131610406,0.20670033888960695,0.058774315850717809,0.19169167977986709,-0.33617803742105146,0.065678245850839395,0.043610105333306295,0.18962492468429254,-0.20467777040639415
-0.451198674709405,0.12806511519581468,-0.31005952984926066,0.14978791000290784,0.22869940652150839,0.00092057960177697844,-0.002287832304895019,-0.36913288031599906,0.25867969548613534,-0.29066428983076992,0.27756146837517848,0.20618939722615642,0.10865878927241852,-0.34875215003058418,0.071428984283446906,0.23931682782726096,-0.07818170918427339
0.152910503711325,-0.42831405453858645,0.13806238339881644,-0.35672229502951225,0.19009013291890592,0.031065886763933865,0.061900016703286542,0.032794603468929297,-0.36122476646908364,0.18915835486345994,-0.34781851353791554,0.20255049471161127,0.32389897261328376,0.036270044743093956,-0.36109382264013534,0.17387227725902044,-0.098650749991193193
-0.17689871886256814,0.066677170972652786,-0.3482990133317353,0.19606933963665388,-0.40494761571271443,0.13054563921075257,0.17397565635086937,0.15962093907060332,0.29305753464387524,-0.40425557317303329,-0.0085396157542054207,-0.31586682363108148,0.13338718778157069,0.018958517594935827,0.014938320312164065,-0.37417675461704369,-0.24535988709936077
0.25127462609932916,0.37608743698219738,0.14787211544042692,-0.35433952000356245,0.18085066521538787,-0.35267726600044175,0.11152743218297782,0.082186671589932175,0.084423414491164958,0.18488170346938093,-0.35057683942527734,0.20151881241748462,-0.31793451402567541,0.35366847429240245,0.065013382591751337,0.1743462690017806,-0.078139581796228041
-0.25424508723139194,0.24883457738496464,0.23681572977066348,0.22451932584041973,-0.33212834080431436,0.23777543348897287,-0.35323326150198309,0.028829580638131749,0.029838402613363735,0.22626726581813136,0.10920035574376476,-0.31552537315830109,0.13452056640999022,-0.34236095190430688,0.26858550401121423,0.2045827548319625,-0.24825719026454057
-0.049970966403242667,-0.34896461272097623,0.19323310669868329,0.058576157561736293,0.1455025931668022,-0.37103626392582745,0.32452808984834736,-0.37190678928100235,0.075761801838253873,0.17972615699593311,0.28799404180968707,0.14010441706656684,-0.37008611015757598,0.046777926073305165,-0.32805770317302374,0.20704193330936976,-0.047255338970402294
-0.13585631262582937,0.0070345504925883049,-0.39461846757117536,0.0043588337639009394,0.18697732765617567,0.063399692359865256,-0.36866664620595768,0.23843724172189751,-0.36891470953183514,0.20944053278364297,0.11603293805976532,0.19867298471443046,0.21360390642073693,-0.40707773150672988,-0.02722312849999392,-0.3498523141265798,-0.16318315085179597
0.34738237723118753,0.19001796568688539,0.088019735197236201,-0.34661923171605885,0.1336919643680875,0.1850257260274826,0.14172651157969582,-0.3626544235050338,0.18418731335129329,-0.41184852609475081,0.19538945894061943,0.11587679196664226,0.16645733050454212,0.18119792390034503,-0.34223392128467139,0.16381730038686954,0.22795625415613904
-0.25704945332683066,0.16635162805986184,0.27229378330174137,0.038385024586471875,-0.26607945560374985,0.18610077044323672,0.17393533299486263,0.26227630904023447,-0.34147681694504439,0.23051289543524495,-0.31306739220659313,0.25806888171299197,0.12797391310388212,0.25688223597620885,0.21896853535957861,-0.3507149307704675,-0.19619868772388524
0.2618129481581698,-0.15699198227924557,0.39714877948976363,0.11484283991239398,0.30008542503964963,-0.31055761913129853,0.33820698947284289,0.26134346349675169,0.11621427151396638,-0.28685621310737108,0.05422432961628109,-0.25293127921690944,0.29831577263469045,0.13455458835308778,0.11346864305736584,0.23921852650292993,-0.16372283996267512
-0.39110458905520135,0.18857042563680917,0.055088399975062687,-0.3332651634677255,-0.3809501522099506,0.2762807942924978,0.19647087956453965,-0.2721075205736832,0.22980533683130841,0.11536615821713411,0.1932884859293901,0.059933899705631913,-0.32530263931605169,0.21809305852095542,0.23740756004595095,0.088354252083335805,0.1966037176528177
0.0042687495009932179,-0.42483479570702104,0.11090299315804421,0.14954578573882382,-0.43870451169071334,-0.30887316478545301,0.21497145993156822,0.2186074902510988,-0.32761535696488686,0.1444840035726562,0.1847133892186347,0.10772315663775771,0.17841787940174583,-0.36624570099170906,0.19580525630013224,0.081357974369666561,0.13456997702155479
0.089173512785333739,-0.14550450498077225,-0.38210780644016573,-0.0061167616539117061,0.19507497909261803,-0.41248088043479597,-0.33347210590719306,0.27548904276458736,0.11126089056200293,-0.27543219302224053,0.12980266639623381,0.2455401337560236,0.022880539768520856,0.25348467763139071,-0.36435386729814984,0.23289421698120408,-0.1113019533333455
0.019355046270943314,0.0018370133431827441,-0.029680989599606418,-0.44300949404206669,0.053936726354899427,0.11976347529602945,-0.4189354511467811,-0.33723793386623951,0.18316982788411507,0.10008897800226199,-0.35598306873557833,0.11853302162495175,0.16671353493185279,0.15180474482069681,0.13185300997559402,-0.47589687626710631,0.13019481446461117
0.44163237141389633,0.056692460940242037,0.19940110980309791,0.062908471624024562,-0.32728954334275689,0.10304439038098782,0.24398232509818149,-0.38064982437086958,-0.34700564361377706,0.25340623135251644,0.0490756372657742,-0.28029777136678019,0.064942710290239514,0.30238087756940546,0.13088733438121899,0.217269349520129,-0.10138131385310721
-0.36702128750279073,0.20125275281376231,0.018515635132498733,0.17330545314418974,-0.0318699391698989,-0.3436083150347683,0.15830597458192466,0.18693453031231008,-0.35566331371216187,-0.48943839221477775,0.21042239871477458,0.0246828275751226,-0.30135084347443575,0.223419314243956,0.21800740375945765,0.0039970487491149025,0.12697457261412975
0.016725444465846787,-0.41971919436062022,0.082336864106606442,0.14911721760687913,0.027693286355470324,0.11303598213268129,-0.41017262393717374,0.15748391697910988,0.12647393877153579,-0.47966481500806768,-0.35975508624544578,0.087790022984975291,0.18943799340282783,-0.36023419328345485,0.18598309542029384,0.066564916845655783,0.0085502784968886254
0.1021001738930013,0.05872953481770863,-0.46993782664240269,0.015378302606761254,0.12610849993147888,-0.10140628075264442,0.022862078387647707,-0.45216170556157353,0.18528051546986998,0.15712710001335312,-0.4240065375725211,-0.33618026745759172,0.013726580684432037,0.021643757471067865,-0.35086387193605811,0.21608106855419063,-0.10779149233283558
-0.084464021606538917,-0.1238217570182913,0.095479504484154445,-0.46597626170605333,0.18050992309284228,0.028390564595755247,-0.044966807029170379,0.035217292506705182,-0.42217364392186063,0.19812445306536441,0.20966819226733838,-0.33732318928070326,-0.39730299123364499,0.22450279116946084,-0.029657093447088851,-0.32755022697996483,-0.15159230686815137
0.322519047688129,0.19632781032097527,0.20637191024847434,0.18578704737627516,-0.34299561272732149,0.0025801241733044399,0.25055676393075221,-0.046868138605983413,0.2120627742421731,-0.34269883267010537,0.0049348138568271029,0.20967375014375331,-0.37966997527683122,-0.33911758196895231,0.14009466257931022,0.28590765389721329,-0.17544922659974793
-0.32005268831015993,0.19004342663020662,0.17131205433495716,0.29760726833361006,0.08131484257906367,-0.39280445293779453,0.08934850440417684,0.258070045053652,0.029589932119067058,0.091474977821941444,-0.38731255402443948,0.1312505556630249,0.050768961013777723,-0.37244908728051068,-0.35515950600347151,0.15282326357731255,-0.20191861771337449
-0.046622940029891619,-0.3428873172490956,0.23541296414596319,0.2280309386099108,0.1551154057342794,-0.032944434002182763,-0.35357718584998826,-0.014553567042330899,0.24497234299687248,0.16497096950298243,0.085972140818370096,-0.3354608559052637,0.21807077843294947,0.048017500576171615,-0.43590706422059161,-0.33158315685861173,-0.25590523874064147
0.3388314745182594,0.317261308541883,-0.27007910005846658,0.15188723473128016,0.25347958346484573,0.23897131988466486,-0.0034562587267827323,-0.39042475856889547,0.03582611518668076,0.23024107397629784,0.2490589691930794,0.21027607953483313,-0.41243490181417436,0.01374376817167281,0.081618248875961683,-0.26669693341143014,-0.078117335800833521
-0.036878035986845185,0.35129380402933619,0.32295181314735616,-0.21876818129087122,0.3011111118281134,0.13963831753838377,0.38168818330609938,0.071999160188790379,-0.30345338113132653,0.22186543414988466,0.33424797242664228,0.1829666703961963,0.060028827443940225,-0.33736265025444134,0.076498041537786873,0.22223975983131769,-0.053596260685052508
-0.35921863165881868,-0.21283150582257607,0.32959189523440996,0.080438368501168298,-0.21922138980167449,0.33540516495356659,0.086182754589167063,0.26232680339856768,0.02931090266771047,-0.27817847818551028,0.29417090261376017,0.2345645755578965,0.11104969004904189,0.097716884916551269,-0.34905577279511923,0.27743178826875453,-0.18242178367643985
0.18864649590142371,-0.39778007999466852,-0.30259855890125659,0.33321838806546827,0.18665306216754968,-0.30658471068782162,0.18947256283609232,0.052202065612101986,0.13937681807304436,0.1606491530433713,-0.31909756282771756,0.19139665069132414,0.035036862997131525,0.11676682197999698,0.24182511007705382,-0.39601208370343954,-0.14922352464844504
0.28544385188240845,0.13135269623678084,-0.33149691295077621,-0.15912605493045134,0.23390639770479554,0.39425363188275192,-0.21969142649557749,0.2428126703971582,0.135051583812481,0.12993655216153704,0.19987287575683049,-0.36950208474566804,0.30041385109839241,0.3226470639652152,0.13205708137596875,0.087289081871597965,-0.13294760507037598
0.56543625739440395,-0.3071110028861373,-0.34234497342031389,-0.13663728594624092,-0.27530160452622565,-0.026853785092187922,-0.099736710478945764,-0.005387305286903136,-0.036342749647731085,-0.22660280596449087,-0.039811565002743819,-0.2395484129468437,-0.32668624605015378,-0.0029613167633736693,0.00059476055860901555,-0.15986600948629781,0.34594524252906811
0.001227249501154513,0.70866564530660492,-0.18087850845889658,-0.17123840328500672,-0.1487035119679849,-0.1323196028502808,-0.15434122044208551,-0.078627140564064807,-0.084947234213559972,-0.074056242016846296,-0.11086580211077099,-0.069955627738373966,-0.085810457703657139,-0.38476613188637132,-0.052764040511117605,-0.035407646658093157,0.42047079361693873
-0.028149215085267191,0.008394108364290491,0.86852832086566356,-0.18073404111343627,-0.16117940293096525,-0.14183263170284022,-0.14296700651060418,-0.099006156858035765,-0.091831115239897024,-0.077364847874294068,-0.12444599456826141,-0.063508791479652882,-0.089532702601008679,-0.10186412860155444,-0.10004955668991411,-0.053377992151423276,0.26571388472890611
-0.0014256918930525425,-0.0031859434637794347,0.061978080048110597,0.79273607633290311,-0.15032696911870744,-0.11649397631966341,-0.14622352547835601,-0.38971310422321159,-0.054003195917485688,-0.047807139861238163,-0.083338089024714831,-0.04830023967627619,-0.064417127219864284,-0.066597906302910848,-0.05212160615139097,-0.044163190277253704,0.36132736713179175
-0.023861235512787848,0.012271756796072522,0.086804410239771798,0.031071249481787869,0.85934047861732721,-0.14823531036317397,-0.15994995962327946,-0.09062591266864034,-0.094024726224125554,-0.06793123115989104,-0.12714890543471974,-0.06606331303124513,-0.094463057490665692,-0.10318380423067577,-0.096093888782729814,-0.050670861131044354,0.36219409310311851
0.0021270066858051721,-0.0010593379364130092,0.072367223991275612,0.011623363050803699,0.022208066935781041,0.79547582989214993,-0.1640817762615602,-0.073392103045740495,-0.40741027581264339,-0.025882899702837719,-0.088406119946261422,-0.039680670878837622,-0.070019823737172818,-0.073379213970797399,-0.056004711161925798,0.0028667129940503915,0.37358095000098734
-0.017518526510051004,-0.009968772117879653,0.057702820182844165,0.011041210920251237,0.010236064055019997,0.0095921400405529871,0.76260335256550671,-0.084551283580282133,-0.091048858065016572,-0.076125206731536124,-0.42460314548090061,-0.046806679055678729,-0.062937777028075778,-0.059985460189607646,-0.028827550908516485,-0.014410177259156739,0.44952295140052906
-0.0049353522966114017,0.00077309748579425187,0.0768744111850726,-0.27262945160615287,0.076361977935291453,0.048221556196257287,0.010022396920109594,0.87274368204285502,-0.045449564480473999,-0.038430094434297943,-0.084668743139600114,-0.038755893103954962,-0.062405444057885506,-0.074257384324170159,-0.067897878524125765,-0.018413398633304282,0.3510398472838745
-0.018539994219860186,-0.019671239882043154,0.049595394419756626,0.016035422448679559,-0.0016524380433508305,-0.29789668727306406,0.0040897557755750396,0.049490831829964485,0.85355313137139854,-0.051872736659189823,-0.084560092478201954,-0.055506200966859334,-0.058972384815316997,-0.058547637647909802,-0.037542205611713043,-0.022813311015526836,0.39373941733464302
-0.024101022604003215,0.0083774885456395914,0.082799779999489634,0.028359169994511487,0.015311164499412312,-0.0098672779666139597,-0.032169718123454399,0.021721259321695569,0.0026723874927907904,0.89645201614698011,-0.13240022993909725,-0.070004752780257362,-0.089984750201208386,-0.10470434806029968,-0.090221534679901572,-0.054232606848969502,0.36557517907418213
-0.0096058838855576801,-0.013995179148305805,0.076638936726778462,0.021534112456388813,0.016047271808168759,-0.005243330294578844,-0.36363588500850608,0.063327061621576711,0.032262514430073594,0.048874486896872259,0.80425489766967351,-0.042544895367035852,-0.074611921667790279,-0.071074380384979971,-0.05252201052997825,-0.0024691261950156255,0.43749226034102934
-0.044593223540299182,-0.0072952425566476893,0.071711441040536464,0.019559163598497738,0.012936973683608837,-0.0066449636114586531,-0.046460669663553326,0.01120869993904086,-0.0016032627651483111,0.017800903125932764,-0.053726883772877009,0.88954955990296491,-0.097844441971696339,-0.096363330509060249,-0.071724088365965277,-0.013733625208489786,0.41381222651367056
-0.2285981184448195,0.1256025806549026,0.085858952409341438,0.11221245484202955,0.0098382979131229203,0.090126529850356074,0.026471522763897699,0.079016533209736353,0.050987611003435886,-0.025995657139693467,0.024625492642539298,-0.036724548737014688,0.8412046804694,-0.038932726758513898,-0.034934241820370665,-0.098857491047231877,0.41409499543125383
-0.60811899278602599,-0.36166257140197938,-0.2025656607650253,-0.16683339426192184,-0.15830584959655364,-0.12975125154512662,-0.16606033915477944,-0.071413151197837296,-0.1078850687786353,-0.081981544705253526,-0.12181271900245649,-0.099833137790023591,-0.082219987484761822,-0.10195856587543078,-0.36666575516988381,-0.074667472195882795,0.39447864889531981
-0.018906203534199726,-0.30160332404968804,0.17084796098657334,0.099625641288833403,0.073664847187873542,0.056713786097400402,-0.010645510243057724,0.07171706187007143,0.027588777607039497,0.042202717414378324,-0.018562780022376081,0.013380307084246881,-0.0061807639259598172,0.81434645656095173,-0.049619704503058228,-0.041004826522942767,0.43041420244019107
