-0.07729331216959702,-0.025831728601423687,0.0022482255622437116,0.065629753013389636,0.092179945041210659,0.025339721229753604,0.020908494701391486,-0.80428912899377514,0.0032442849125069143,0.024403975893827694,-0.045634302532318212,-0.034329170713741405,-0.035504649074446497,-0.094175163419897442,-0.51059737518174375,0.0051367143332787003,-0.24053288121019142
-0.045570885263484941,-0.44441888864474255,-0.083812271996636337,-0.04316443666767833,0.0081146931087526276,-0.029774396360844866,-0.037855281560190565,0.069036833938661196,0.033394321656699227,-0.0096295740773804494,0.013435047596289509,-0.021003167079917739,0.018939336754362969,-0.59030603469243292,-0.34646018906846487,-0.55529491768384576,0.073071515406701232
-0.029204051999770393,0.036235395918412773,-0.94145256992781701,0.02313284018514138,-0.020027793700988023,0.026705280860470526,0.021045955274392267,-0.012589322151192815,0.033771802928543301,-0.0041842183183458549,0.0067885023270602375,0.011917728363115786,0.0029722456517455925,0.02963736823897645,-0.32589976375201479,-0.014907860548743868,0.024167651301600476
-0.0017182430107077604,0.047653849025550581,-0.052088285907234765,-0.90086707329646643,0.042553917199808645,0.0086130700952981604,-0.037770721491563117,-0.0095327338551237754,0.024672327471085088,-0.015981623735477495,0.03389855053248448,0.010556043902627108,0.00090597003497589824,0.024385510311754312,-0.41936772529316713,-0.02520190331219798,-0.028712142015510152
-0.013317599713088032,-0.012851654272977282,-0.0046229821398551139,-0.02939389836881837,-0.88617007497235945,0.016630835599223005,0.030547094584607241,-0.081683276349066691,-0.011252091959283676,0.022918042337219294,0.060967283256716721,-0.0017456093772434062,0.014817006611399177,0.027793465064579588,-0.42629842483015001,-0.058982213720045355,0.12255473165972804
-0.064553798385898309,0.015442850580836116,-0.047423235847619788,0.014958370472373922,0.0077874273591861543,-0.88545810301018379,0.025753118003529175,0.056227666394015073,-0.027438134482500133,0.031222200722208965,0.037322750277158284,-0.058830957971422904,0.0051994128722240209,0.0099683781965404523,-0.44511763883952771,0.018785881830859635,-0.0030608825404258703
0.046392543211611986,0.054558303528851555,-0.06583191730017178,0.030115141564489266,-0.026830854707755231,-0.033861352079963443,-0.91303059543729137,-0.030931359365431517,-0.034539830876870917,0.01757270505336276,-0.0055607094454794975,0.028927640167126015,-0.0072794242363065208,0.050972373173825997,-0.36649416181103706,-0.10250457855404965,0.057761539040901984
-0.017116304722343802,-0.16621869343695808,-0.22660966714726716,-0.25959144352613672,-0.19333523468075647,-0.34298471616367915,-0.19979043524526965,-0.50904146592718136,0.24527008253497348,-0.22289790937556264,-0.15217765273350464,0.21576907850581448,0.1943417956978957,0.19266602369693464,0.17490548854310603,0.040608489317526086,0.33555495010145747
-0.045540807256810749,-0.024995048292895925,-0.080730122954540171,-0.034597742439918047,0.0110763727150247,0.02941001754514842,0.010597388189387161,0.015803932482069155,-0.91782883458021658,-0.0052201353998218474,-0.016206257495500632,-0.00043303590046876305,0.033763049429374012,0.011191342249659673,-0.36648419370593077,-0.096661062304271836,0.024862768659361885
0.064837468507657869,0.014092903405981629,-0.035959919734700377,0.018885467825285183,-0.0078814627069557983,-0.027798576363890402,-0.018322523324451445,-0.017117383764683261,-0.013558633923117994,-0.90843787276743038,0.042038654250259662,0.0057808846681642852,-0.017709267719502941,0.03798081124464904,-0.39126287419412464,-0.087098859962892919,0.05302110346248342
0.0062682954168996417,-0.0060305265090702612,-0.03902830500089307,-0.033459898620704656,-0.029192357228023089,-0.029752760753998974,0.011321030449689773,0.027046256648394957,0.014289017827682743,-0.029484792527989665,-0.88928648854520265,0.02564155640638504,0.020195890457444909,0.078038558057989232,-0.39566894000382863,-0.12009374061240508,0.15699903596972517
-0.11472224545337134,0.0074776988991495175,-0.049086237057750344,-0.0097090318162817522,0.0014666303897508911,0.07565912345671276,-0.053608214916653359,0.068750676421177243,-0.004840802399649631,-0.025364971436935013,-0.022752188644032272,-0.90129566766453617,0.050569945616103909,0.056177545547846944,-0.38355616698899675,-0.062593559003223401,0.026217085992752139
-0.085350462926591833,-0.050746430102540839,-0.024079865457330218,0.013889155248905789,0.025949747219958741,0.040758866480156385,0.0047486628553214116,0.079440949494799337,-0.022213498646629647,0.026554275052137769,0.01713928559090009,-0.019630634680152775,-0.87648420368007729,0.050047923136327555,-0.43624372252297677,-0.037441132701685628,0.12799139494195963
0.030763421235256046,-0.21970872102633082,-0.022336152426379308,-0.014082226592428641,0.09293578541450101,0.0432579846371072,-0.041642663481165298,-0.057940635003236811,-0.020515933293432029,-0.0094723088792703341,0.033402846271884785,-0.018256977861922818,0.10186701136935024,-0.29808784198265631,-0.39172411898555365,0.52181326633259772,0.63840043825406401
0.041154262095269935,0.058497922389835838,-0.052994637173134296,-0.012205615558271533,0.001091551073625659,-0.019282159354610726,-0.026286947952483746,-0.043848560148315327,0.0022358468321927163,-0.033381810862208219,0.007235586801939412,0.018137376391200565,0.92311513729156547,0.030738738008615828,-0.34099251217439097,-0.13410282232811599,-0.0096782581883289535
0.070321618189268992,0.00035992651604897888,-0.027972604088887708,0.011482267138045609,0.025468204266835055,-0.054104274320899058,0.032042340576546299,-0.032818441737625721,-0.015098592909788801,0.018514417039736129,0.047035704498387329,0.89988395090153017,-0.0039704488376163015,0.024579998661783543,-0.39378135034531769,-0.10897514567250251,0.091253816400361065
-0.050460860358102246,0.013707162779717876,-0.038068937658225603,0.035149138402676798,0.056220981256785277,0.051190845346406569,-0.032848408279085299,0.0085398744458058933,-0.034260606782433853,0.022659219660158433,0.91366522890959145,-0.027142521094331021,0.026420507335441629,0.0027677726836333352,-0.38153185966512637,-0.051638576550770532,-0.038742197525552365
-0.10912735783804368,-0.0062709028549102173,-0.041114589080563195,-0.017170527406784715,0.034850654317363082,0.049270278830953272,-0.0032068113350411328,0.052862426641361204,-0.0063891072151772725,0.90160413737627276,-0.017703101554092909,-0.0072414332321708462,0.064291342805804078,0.042819596353112985,-0.38596655072160818,-0.084797459349473844,0.064772289334346367
0.0012954460788141638,0.032847193687191363,0.0036404154275189483,0.036288842958972924,0.015914144293635225,-0.0079608925835443784,-0.032115047702766387,0.019858972492956442,0.89787001900833807,-0.0016087362894306859,0.040558551845294312,-0.0010525839960238465,0.012826009299067444,0.069592174876925567,-0.41071075927005019,-0.07524350118098394,0.093140256418277056
-0.1830178135998568,-0.099474537912232777,0.035732725257224436,0.069479570516312927,-0.055798530007716181,0.13482660641811439,-0.027234249885756429,0.40253431731092787,0.031557683742602434,-0.037067052780034304,-0.09317012645484142,0.039576433556516313,0.042974161428627311,-0.51432344085934956,-0.2287205252100997,0.45362898840341997,-0.47890839270984314
-0.090759361664266,-0.046790567010832437,-0.011241562015970801,-0.028362123345005767,0.053770937676818252,0.055369271533174808,0.89146464528775959,0.066812384454180737,0.014610825227766362,-0.024411183790641833,0.029835536311964318,-0.030346337665341335,0.053881907975023811,0.029781566435035822,-0.41079297007124166,-0.069142537645974236,0.059751333421206108
0.020333374283763594,-0.0076304352677306593,-0.029635340310874683,-0.013299729937674167,0.019231100835404732,0.90690037517241451,-0.047279343448738687,-0.020607741778801283,0.0074737711466017634,-0.03804596431861474,-0.012951953295084718,0.057343947510944661,0.041385321509595493,0.070828955046451203,-0.33204997855552454,-0.19061778620616782,0.12121800451278326
-0.030935086530211653,0.020661009169552453,-0.072455050522743356,0.031097785118637752,0.91316349256385398,0.0048149010130947674,-0.05207136408971326,0.11736241285392555,-0.0087109056307920086,-0.029745075535327545,-0.036613116638928578,0.00026930509141261149,0.031773341199126622,0.05300005445985901,-0.35091411656080329,-0.11287936106648551,-0.0045788243901032279
-0.042630552061117377,-0.039975333523214085,-0.024971773872829662,0.90259517442633741,-0.015610322037213322,0.012891284170800614,0.01623363184131197,0.045385779015249143,-0.044624358240128677,0.0091332252827829082,-0.0095810274709205202,-0.012000516846890468,0.045673160803336332,0.056462756503870025,-0.35787918778731204,-0.14664347862804705,0.14623010032727252
-0.015069641434062175,-0.028543899894099212,0.86437072877261134,-0.021424944755332728,0.047019189223340918,-0.0052065336209976762,-0.042587270542912725,0.048338797653856298,-0.053717302689810717,-0.002645580486018153,0.01755444953112489,-0.013396039846075986,0.04360847566037368,0.051195665709182665,-0.4512996081085664,-0.15693127343915367,0.093661748144345344
-0.15323507545678394,0.52329161527876777,-0.036079331650648541,0.039121563767890256,-0.064545189693864566,0.022527260413080816,0.0173219542774284,0.1691563598778433,0.014944102744367528,-0.0038809523081207759,-0.044366864363056688,0.033128188907685742,-0.054627777529786412,-0.026435063426384259,-0.34960601423120813,-0.51281873348061224,-0.52351742104765231
0.84592597040305206,0.014256755551081917,-0.039396270510977383,0.041655351368169523,0.014465457366539505,0.013563787035803399,0.051132257526742615,0.075135682719317518,-0.027187233669990127,0.081660124055009192,0.010281457351148882,-0.088075195645137133,-0.034179823508470895,-0.0488676365252999,-0.4882440374869762,-0.033006273084598511,-0.11818302885913924
-0.89005000115263955,-0.006510051435974524,-0.037674206297036557,-0.039984513505553619,0.01261889428811382,0.007899880162289933,-0.072665590854144979,-0.039662385793237942,0.0071992254758475515,-0.088479581907397784,0.014123105607018027,0.086561235022246955,0.080831256289492184,0.12968452091891922,-0.28897435466363153,-0.13840292400653728,0.23683196834215747
-0.31765019272167028,-0.3122752518828964,-0.24232350700846642,-0.31327892877120722,-0.27926859124250103,-0.22270600888978864,0.23100686842402537,0.27516446549299761,0.31288567951770541,0.22582968871236395,-0.22916591147169818,-0.24149799164607871,-0.20770177028615708,-0.13105948667515999,0.1697422275545607,0.1272141877165818,0.15166510668269434
-0.29473342265628155,-0.30137724323113868,-0.26470136988264958,-0.26045411008431085,0.30853624348318037,-0.23812662558404343,0.24079729815583589,-0.21316782078502514,-0.21265471247480247,0.23602661163096031,0.23058244856989335,0.2555877975965542,0.27481421869648659,-0.25457100120378334,0.16248319496096056,0.13624942887200298,-0.15607730524712865
-0.1954511978009939,-0.20920087289777783,-0.19183445763968024,-0.19810221382210777,0.22278077554256204,0.26625054278901089,0.16309325632670268,0.25007709542522627,0.24371079145410382,-0.26810179079806168,0.23617777250946431,0.29037062406768938,-0.17561851165300918,0.35854712776547215,0.083642747195731337,0.4398592750294032,-0.033038360949762098
-0.24735397715688667,-0.27108625497718386,-0.23408160434539055,0.20291717746459279,-0.33712640725230814,0.23147785547492553,-0.24461882559263085,0.27482535264761071,-0.20226774667719985,-0.26103784541632957,-0.25477038321137269,-0.13701120347802961,-0.21933990481779056,0.33019932297388088,0.17036655288157646,-0.1350690622503169,-0.26384105220421794
-0.20723642661474068,-0.28058471220562287,-0.2206463302971941,0.18509116090896402,-0.20896158655610003,0.19653001008093754,0.22657903773840099,-0.34083738738027491,0.26266818907400308,0.21609200694421696,0.23629723563224952,-0.23785135067084268,0.2223760421575372,0.17616381703030806,0.23938296358352273,-0.42077837801129458,-0.05139206680899186
-0.29306243923901854,-0.30421663459218734,-0.24451409209672417,0.30932377363918567,0.25781714847146603,-0.24104770248504842,-0.29697368657513762,-0.17972284414511117,0.27099587496608446,-0.26147395106879978,0.22416939695709948,-0.26115386241213351,-0.26338576374356876,-0.20921155022599872,0.15408914336534291,0.13858201451528487,-0.068412994127709778
-0.1804951287708936,-0.27622938350806092,-0.26714855395652332,0.23229449665245819,0.2027696118868926,0.21185779045397901,-0.30335827635789736,0.23326966373017347,0.29357484536034634,0.20514233563596301,-0.27758873654555211,0.33402997063932433,0.30668754936746101,-0.10477252559702709,0.27980588932907496,-0.035881413333924458,0.17842391141425823
-0.20035510489440256,-0.30919891449384035,0.24686610915892912,-0.29352759270682555,-0.26526249350925807,-0.28320898830307206,-0.28827241426606759,0.20871707886026522,-0.26966098934997085,-0.25728921396822135,0.30525902089777235,0.27695970135834214,-0.24548347573676818,-0.16728634457701505,0.15908695724700536,0.075271164248596062,0.10904775761633265
-0.25840821526377983,-0.31072117069700311,0.25919983251771245,-0.30798714970756969,-0.24306645851726769,0.2616916144027619,-0.30767874017249186,-0.26888552188125198,-0.22597484167628124,0.2160989964631943,-0.30345640600161899,-0.20643122066055528,0.28838028430150475,-0.20124459008486528,0.14874118166430927,0.03456716408826551,-0.025749360152143651
-0.27380787180841776,-0.20961954169290775,0.20508203522574098,-0.2203966957592649,0.16765314363061187,-0.2142039803020446,-0.30280156485735671,0.32795220322431901,0.23493585889562774,0.18788305312449516,0.197101676575478,-0.17325777028827474,0.24367567904900045,0.31074695174793304,0.13129807214562078,-0.10237218309260682,-0.41737299607735584
-0.20458879895271445,-0.30263399746442993,0.19518339676564897,-0.28016812768292537,0.24920911664141177,-0.28516802336182639,0.22081688006763969,-0.25193864326415122,-0.20660013956116127,-0.24409663359648082,-0.21656550967861915,-0.26004896733069988,-0.25738751947547817,0.17241147090969075,0.16448115263366092,-0.38537919168336343,-0.077253465245440814
-0.22826509756103308,-0.24701834275673729,0.24927662574191883,0.18295711158537589,-0.24584571806658956,-0.19262711798087262,0.21737702159227543,0.23860462247173386,-0.23888823901651512,0.19279530341020801,-0.21714862577158786,0.26833598351005988,0.30668615268328037,0.35098737295661153,0.053198681582827263,0.39393655629744567,0.02957356744090937
-0.22938202037174346,-0.37627733782941319,0.32313190613992171,0.24034857837404408,-0.23348136704471451,0.23542650112317404,0.24583541665212161,-0.23734384477371329,0.28019154653392481,-0.28028638459757821,-0.249276976429193,0.28265686773534832,-0.24607391258208516,-0.18618626176283506,0.10899884134326185,0.028995926120391088,0.099349712075899474
-0.11054629590430083,-0.24618353341875929,0.21680628060835022,0.19869962162502597,0.31416453117123716,0.17395377964102224,-0.23089644138480786,-0.40373461541747407,-0.27026434611398664,0.24732448759470282,0.23849275336731471,0.20712983657007963,-0.20538961448150989,0.20032693308157398,0.1988995665666736,-0.057832303131885684,0.36904936890730311
-0.2490318186414533,-0.32689867485426488,0.24139443141315295,0.20597150034997216,0.24985087983283075,0.27790046436703464,0.16952752603716797,0.28146118403084508,-0.25482582376858831,-0.32754669665023789,0.23716706904037169,-0.2215868740513238,0.33592215230410111,-0.13619178840237853,0.24862410486581357,-0.03997029700795586,0.10215332899630604
0.033078162499168326,0.033704148174651068,-0.079330048636370373,-0.063937136201060563,-0.06514595804627446,-0.0038883669000853369,-0.042466290079845634,0.83990259199695227,-0.023218252385676506,-0.031228928489452034,0.070001337214194881,0.032832709731149198,0.082121757624995059,0.17475959472320321,-0.26663657206412578,-0.17677960728679196,0.35884019992145616
-0.33757421864962495,0.1557535212650713,-0.21919925172932675,-0.25067649993459179,-0.23669627497865423,0.32392294876951117,0.25059846282308174,-0.22567367480084441,-0.21835418756821032,-0.28271753151198248,0.22961177887968701,-0.23559288331890221,-0.28323818652215782,-0.34534607623403224,0.14793973796197246,0.043187015615220675,-0.13094147913681906
-0.24291166765918457,0.24434911605443813,-0.29178602778345081,-0.27292390390491789,0.17903002827473774,-0.27187679537679516,-0.28767081242885084,0.27029653752311095,-0.22841755523573892,-0.31430565991711495,-0.2843880689820284,-0.20587871889626189,0.24538997575447347,-0.25575896251958613,0.24363009892910456,-0.021501088175481801,-0.014330854159018309
-0.27993327388235517,0.33249067980620628,-0.21762704735235958,-0.21389873179920829,0.24649644748105728,0.27565624060888605,-0.26668250426544804,-0.23407525506836924,0.28267206605165146,0.22761989200637298,-0.31444812039654857,-0.20091293911777608,-0.28283700183951477,0.21265343086879213,0.17742355828353526,0.11723105186441207,-0.11797048178697059
-0.28473608379018411,0.12600794038510066,-0.23600473092220869,0.24886196108676262,-0.27450116011248099,-0.27645528155620325,-0.18099339441279882,-0.25518284502826061,-0.24179982679279374,0.27524973166357047,-0.27687063514917365,0.25266734410697611,-0.2955886181521728,-0.35520511998586446,0.16652957792437414,-0.13914322166637924,0.019939877742700354
-0.23868431976391472,0.20055134920601611,-0.21794275712989084,0.25979555134739712,-0.3010778462951425,-0.26626263409804063,0.2723770251593815,0.22355482722695647,0.27231260717704525,-0.27517297471844437,0.29851042488801754,0.27448447109011376,0.25103340072974289,-0.2740212574192134,0.21514167381769131,-0.018895815543769404,0.055077975184458054
-0.33895475846583067,0.26127905046872774,-0.25863611661512759,0.24175920710153065,0.22471594280561072,-0.20768562280733757,0.27238873960651561,0.26948450159526538,-0.26857092752728373,0.24452279583059994,0.23725691695291901,-0.2630797893794638,-0.23572969433928107,0.24147879281443377,0.27382446025623985,-0.067692231710316783,-0.013731317142835972
-0.1584661203738596,0.33799426163708191,-0.19867002103643827,0.24961449219455248,0.26039828004107241,0.23042201233919057,0.26540895964412553,-0.31699310562353961,-0.23659428706238256,-0.27626060499061306,-0.26255474949463603,0.26980343738084805,0.23907858481536526,0.054414265590004736,0.15572364932798827,0.2678038536269659,0.19216964404225753
-0.24376711681734831,0.32829541852735544,0.31581368705508056,-0.21517129013089065,-0.14478274763388335,-0.20347107301069542,0.26446979076124522,-0.30012123784924882,0.21294512796465548,0.26078499919881082,0.27138386454075719,0.20963286025208933,-0.23548343310378453,0.029932684850703047,0.023344944487738328,0.38331369417559502,0.17207795872986864
-0.17856995701536146,0.2995403581551464,0.29078066207015907,-0.30782045756852627,-0.2923887050189925,0.22422744878771012,0.22877631892319056,0.14366232712956173,0.27275234421615069,-0.31479761749553964,-0.218259308468576,-0.20186034347956772,0.25141385182581316,0.27992290054120034,0.24023825267122315,-0.15966726533169143,0.060704454085748843
-0.16824866201414379,0.19375446619790557,0.26922880573857616,-0.22129314614094137,0.27830206669873747,0.18944593258611006,-0.29565397990294323,-0.27761411755530385,0.26712744284662893,-0.27776539829143282,0.23568878295193565,0.28446038520727795,0.19871660766734853,-0.34542371221870827,0.18387420401153298,-0.22221875788192416,-0.088880715777510666
-0.28719661592739931,0.15038417950916033,0.26347177978102138,-0.30754420870285709,0.25141565762193419,0.26413848852110122,0.23194678914166783,0.32043381522134662,-0.23741805225960996,0.20665430221475267,-0.27982422327918888,0.30846813763692715,-0.22641825302197283,-0.24032675762321112,0.19844912670821638,-0.098430619003511563,0.10404531679012484
-0.25057829535608683,0.3121472939550432,0.28893069159290519,0.28085103775669784,-0.26381470810278052,-0.2455046161806734,-0.23862068457678287,-0.29746297061088456,-0.2996040832442689,-0.24957214558262336,0.23078830611470283,-0.24868199679863751,0.22411780347151353,0.15837905630150892,0.14774453414810176,0.10238293578864388,-0.16535809478853933
-0.31056669773915613,0.16912907469209851,0.29354932356272267,0.24674487818018023,-0.28914407209846926,0.29322194073343993,-0.29947210742972646,0.27587989589773015,0.24088529114226861,0.24455412557702413,0.24235201983967028,-0.21681034351237269,-0.22471115141600975,-0.22804166474257026,0.20133696961316952,-0.087904869294248109,0.13482272368969667
-0.14090414613840493,0.32082388106228193,0.27567663110621182,0.25902751212073966,0.21107969405100985,-0.33504708657077442,-0.23871933362671657,0.17635391845244588,0.21238763723332893,-0.25893575152941439,-0.22175783828578266,0.27139867349982089,-0.27816823497176135,0.25262711016077205,0.22710535634277321,-0.052371291080728771,0.24231954166726097
-0.35871012386209872,0.1648779722348051,0.29958221651442568,0.26543106341748335,0.26403477097891542,-0.23425209518385445,0.24085136406805288,-0.12133743436211444,0.27436812421057039,0.22102910079959073,-0.3178566588405865,-0.26016554372276285,0.27137142558807831,-0.30587837018144054,0.13077222300177133,-0.028684931193296067,-0.092949804986855747
0.12721528831485257,-0.2139014206037797,-0.20062090244318972,-0.1708321032864514,-0.20682394840438895,-0.13158604601615598,-0.209348145029331,-0.14599438127220837,-0.2296549831228846,0.2701670889485655,0.18799573993368338,-0.23824553184224226,-0.22307314237532483,0.22491533344138234,-0.04821994058980647,0.57612941106087034,-0.30160282892578605
0.31787253190559284,-0.24077482517758161,-0.26005148811081685,-0.25830277965187243,-0.29364227126368603,0.25429181907952947,-0.30132228246721959,0.19693795979051143,0.28970333072316701,-0.25776815826085031,0.27982023907243697,-0.24186842388187491,0.24948307577011372,-0.18735609556551283,0.18771385214128716,0.078538933986519927,-0.015701399461424601
0.30071595003783624,-0.30415717204459758,-0.26626174415057019,-0.23008307380802379,0.25936984728866336,0.2267114807070984,-0.24806307531632688,-0.20989693640717186,-0.22201895162690627,-0.24303852895782965,-0.29556081765432096,0.26375781568757473,-0.31058081975165802,-0.25653237929070816,0.1173418844855357,0.10403697529084882,-0.12967392724617316
0.33600494686155091,-0.18736538562635643,-0.27559880930924846,-0.31158243769402605,0.25817334223629262,0.19518082008262883,0.23317650239179141,0.043574827616094901,-0.21139188207135551,0.2190605542675822,-0.200297082813919,-0.26405865350523638,0.26525667278982756,0.22675928698571701,0.23896544117655463,-0.031529614293076387,0.36815495552575234
0.21287749286284796,-0.32840698340957458,-0.24287463975783921,0.25090096878635926,-0.2710144563757057,-0.24021412740575016,0.29961658598884172,-0.20722903564080933,-0.22846101637481836,-0.2424700350770298,-0.2784642976053025,-0.30285110195359344,0.24001840097837868,-0.2740670505325537,0.098887961269331012,0.13939498697207567,-0.13728919819596686
0.21965247803290344,-0.35134687734496789,-0.24782291400879058,0.22818986905242958,-0.26205579240471083,0.29430053862272265,0.28556911478202085,0.2662328090402985,-0.24812705643189906,0.28885633623066309,0.26684466919714617,0.23999983565967933,-0.2254384065370022,-0.20343887136939093,0.17648194791698127,0.062214153747654551,0.077899475169860136
0.34929314083900787,-0.23159821145987111,-0.29239851060985361,0.20658717355141776,0.17917250470858812,-0.33220025812114862,-0.18908849847006551,0.10610567756394343,-0.23843091770989136,-0.18941764578751263,0.2621608378223686,0.18127853797683463,0.17325624159487224,0.1713754032867385,0.25966105533245115,-0.42693851069426747,-0.05746806048952275
0.11358217310787962,-0.2845686213101869,-0.19675021046309341,0.27708805556975336,0.18724507311201702,-0.21172667192772343,0.26542108963422678,-0.021071712388682325,0.2536537837835392,0.25287538030180584,-0.27097130584600859,0.20660249153924409,-0.2654565854474179,0.21203978404231186,0.026734560674504065,-0.021358649715280863,-0.52806708422912685
0.3390713274168089,-0.26335633614773774,0.20736483824404747,-0.2859046233446057,-0.24660447897199828,0.12084381149434478,-0.20417095706522059,0.092387155251814637,0.23315379527204147,0.26289056859710874,-0.16817963760629911,0.20989291050551601,-0.26559706573676772,0.21780891269108973,0.18435239071664902,-0.45864916435050057,0.084589195314275625
0.20231858667694844,-0.270375012426811,0.24535728545536625,-0.20791691970245577,-0.22455372215238845,0.22632265979182919,0.22618960932161192,-0.14271737292791431,-0.20565556141575647,-0.21203781789243409,0.20620285327850152,0.23384362214932497,0.17698051835708031,0.17886272325605218,0.026273464947234555,-0.078912567388537747,-0.5955421247643099
0.32259245968190581,-0.28000686944024389,0.25811503126881574,-0.27610452237843924,0.24746945756052854,-0.31070590429631162,0.23593659816310034,0.29832508251526729,0.28045706410075394,-0.26700524127559089,-0.22082214728161212,0.23596122913260026,0.25578673500963844,-0.18513556088367886,0.12076302861796015,0.059093239439576652,0.0080075578040315291
0.15865489616000256,-0.3339252812632183,0.28805849812654616,-0.23632923725555366,0.33312598968141871,0.3153466398487908,0.20891421001892665,-0.11865234890328623,0.2820776938569089,0.2711065206795818,0.21745457591790701,-0.29963672470218161,-0.24638906432842314,-0.25003424226324844,0.064767967748285388,0.11178319608251309,-0.16218221917896503
0.25701181596799283,-0.30306285552951856,0.29209575036238272,0.29070988061640413,-0.22963052857993141,-0.27779559780716256,-0.23559482971962706,-0.23129327956515361,0.24123793219921735,0.32122488077175043,0.25442051798401949,0.20756598453558189,0.23767913409916064,-0.27501559318332047,0.064763765062505502,0.10281064065901312,-0.13145215464133458
0.32155144927192536,-0.23232830536144231,0.24003982626772055,0.18515953384417499,-0.18785866353179317,-0.26366189957320935,0.25252537787199841,0.052158099131144102,0.18544119761068045,-0.17973515850405586,0.32637310172822848,-0.32708471128892269,-0.21507022026279154,0.21782756778355264,0.14015577665214124,0.016084695934033083,0.43084064494780172
0.19669578600050014,-0.32818775884071333,0.22660510342238258,0.23192739900754933,0.21858620827723665,-0.24736264214137069,-0.26845604544142687,0.36994078560977689,-0.27985314584455201,0.27850408260006554,-0.29452535568201255,-0.28788670091894875,-0.22299663210318837,-0.17039211692556716,0.14109153058596111,0.050043586114853753,0.06238536781809062
0.23835703756090196,-0.20748568557858221,0.26022382414090767,0.27994269442776681,0.21115304944034666,0.24287346421525605,-0.2618654962322931,-0.12906940235766287,0.2110420649532741,-0.23343554667375091,-0.28124399928821597,-0.19493109916666859,0.2342997453712061,0.28724377205961138,-0.009201366923565997,0.40792685953472918,-0.21265961563401972
0.27756203305554228,0.31076778798643601,-0.22812014927793803,-0.25732819080558345,-0.29814612381926742,-0.26188036001178516,0.34198608725890584,0.21066034996437019,-0.25426796523309969,-0.22174719756524575,-0.2095111459961812,0.23544530780467204,-0.31277899690241473,0.18080076942642415,0.13198778870562011,0.16004926182282919,-0.051105828341928727
0.23331017249023986,0.19644331883466093,-0.19926259647544509,-0.23827037487595595,-0.24734542148006586,0.25886843740787208,0.30681274350144117,-0.23073511218625448,0.31616224398759624,0.27022641040003237,-0.27564080806371866,0.25621810977241832,0.20329944990524781,-0.37167484626416275,0.099606730457866735,0.01957655394322139,-0.17478158620435727
0.22212825319328178,0.23333284173952187,-0.25470577165694447,-0.20579978241365485,0.23199716902065465,-0.25552259463461385,-0.23897475652290137,0.32586380900186362,0.26393107172293939,0.30351442539130646,0.25714590828173739,0.23357069947496392,-0.30370086854878575,-0.31446655996189316,0.1484100695393003,0.050043406857519054,-0.091991148620876706
0.12739724994848714,0.50839340860858251,-0.050172996152057558,-0.04513826835138135,0.065925392597535201,-0.081741081150235095,0.053987328694089759,-0.26068454878239145,-0.039243741644314961,0.027671694440219063,0.077725299443497264,-0.069689642824167619,-0.023493976050891471,-0.084812014505689787,-0.18336285202897717,-0.4511717334911694,0.6170298913855975
0.2672955299145981,0.39548919177890218,-0.20640871609679196,0.24728238017360121,-0.27658771123371761,-0.22690960212037675,-0.18623936388137002,0.13833794130900412,0.21093886445618198,0.2673175958822902,-0.22221128791315448,-0.25634023134184936,0.24010678623233919,0.086154151595506115,0.12143742684130993,0.32729214547121527,0.26190451122592895
0.30972034513518809,0.28322696506721301,-0.19538675600525476,0.33004055449606934,-0.26735687648971185,0.22226494543016972,-0.17878546916218144,-0.32187737010850848,0.23787080639263644,-0.18704737936132915,0.25973518305577298,0.23528991622841602,-0.35911365279120655,0.13629506034255015,0.1535569942450071,-0.047330320106785048,-0.18041765394631915
0.17274003608302188,0.2010509387192963,-0.25707388530350567,0.30996416202898242,0.24849453255715595,0.30250797196119683,-0.24755618274786548,-0.16282805890960106,-0.25267175864830971,0.2758011091898227,0.15745758834707491,-0.26772777935640041,0.22689930187235199,-0.3783523596251761,0.17182654544944956,-0.01380666521719514,-0.25649147581421661
0.22683669017612124,0.14704237257766109,-0.23889912963259369,0.25219514469256188,0.19807694048338315,0.24895491655491164,0.26100364322607067,0.31313332760715107,0.27872832577229356,-0.26086052255170539,-0.26388696158954295,-0.2659127789174392,-0.27632160177536641,-0.28724525776010312,0.20875643114636361,-0.20697120523221485,0.086583166327450709
0.21266788828622751,0.18995014349881473,0.3048845052708809,-0.21421837142928482,-0.26660435934119825,-0.26101885174799322,-0.23156484707758698,-0.17429634506282674,0.26046512746104072,-0.21510252914238229,-0.26836590378188846,-0.29467251104370795,-0.34052542392014007,-0.36365592690672599,0.017440298228251987,0.06997469831632043,-0.17398239195769907
0.18079390763063741,0.16474184053079377,0.24406130180432101,-0.2966411567584924,-0.24995339521942772,-0.22564811120144962,0.26670600701727226,0.2590292195180951,-0.2542490296431224,0.27449825821778723,0.26644504821255982,-0.30782116246809238,0.24630371813098373,-0.35626384988358673,0.14771512983518673,-0.15192638697673194,-0.052538175136386797
0.28546701092931542,0.30913720351986695,0.25402606009661682,-0.22994211329787814,0.25829507609928326,-0.31086263448777496,-0.19484056752059878,-0.25248232638458284,-0.27215884055196538,0.29478859596757018,-0.28932888135016049,0.2242360028319077,0.17582162622986647,0.12378560575926621,0.12674489524375357,-0.061448513509745964,-0.28184750942674813
0.2849154927045065,0.37047191771144811,0.23959649540794198,-0.21898380956669167,0.25408818292647156,0.26279551930724865,-0.25497256464705914,0.18037303409412703,-0.28738618559822904,-0.22291643911097997,0.23491206782683693,-0.24601075658685859,-0.23903503099591214,0.074763648857502488,0.11073265405437775,0.28914531183024822,0.19612238319834507
0.33364442865705135,0.18808864721119672,0.26770159690607731,0.23901989387777989,-0.32708738636576556,0.2052897417636681,-0.22724436889756014,0.22792977498918601,-0.2772793159152423,-0.24956844903890582,-0.26112611003399527,0.28276691405083521,0.22651750666696899,-0.29082948498004446,0.17556169328199231,-0.12545171114694004,0.044979623099442909
0.19766970441690049,0.24414050107064325,0.30694306249509429,0.24067374943553491,-0.22721058561300392,0.2855792066427168,0.32513272909233792,-0.26367833578932348,-0.28032548328772533,0.29238610755878203,-0.28546750990113784,-0.30019481347662691,-0.27663994906949474,0.12294301513720714,0.11566578164771855,0.0027449424235672219,0.0074246058451543978
0.1797383535773609,0.1321270177996475,0.29091491706778105,0.31241240345566212,0.28961090064599432,-0.24079744229570066,0.30536698825440162,-0.10869050549811861,-0.28588284183056684,-0.20827085190769412,0.22551269357968926,0.18722886511197046,-0.31315785611392677,-0.40094986315592507,0.058096725805388383,0.029240397938627271,-0.21681290365044195
0.27275553539699993,0.31774740786266092,0.29507920315438346,0.27566332980394015,0.25179049500989592,0.25545095818441954,0.26551445273737911,0.25921893077362929,0.22480232055372704,0.26621066392606219,0.24967421773758625,0.24732192188473889,0.2593322240948619,0.21173366475859651,0.18761677203089044,0.0084936609314415889,-0.05446906869205019
0.25904903841215093,0.36297151190306998,-0.22364126306851817,-0.19382753040544337,0.28749294254882202,-0.24867679279602517,0.28712828268794938,-0.27728153410874729,0.26500673458083651,-0.22880875943768367,0.25591856947305108,-0.31988234947889799,0.17995531817053265,0.085816077421351319,0.14027474338032708,0.11980365385625381,-0.21345123030660246
-0.14706544517919898,0.36248372492500341,-0.25711777927380547,-0.287327252409181,-0.27409770189991189,0.22689175399598777,-0.23820450883913433,0.04268613354047919,-0.25712600459010365,0.24258299925809682,0.2801160951458555,0.30984863211017227,0.24825521695026023,0.20556088055047966,0.30153118859431116,-0.034908584166306128,0.13296916451487645
0.074993817951288538,0.10023080973586254,-0.039581350126742076,-0.0073022210798051133,0.013513433413715119,-0.034457671791296392,0.02734850179151195,-0.1396875028887849,-0.039974332327746033,0.014675615403812447,0.047972843084088862,-0.011268155274653158,-0.0018412251738389831,0.91720385174997054,-0.30302208792352064,-0.15339982530491147,0.01474277515110765
