-0.25389602496178837,-0.35351579714681086,-0.061178579756482949,0.057994124011397079,0.04703824758224822,0.29274892193291535,0.10911726549068379,-0.37767307250864601,-0.17121422660195221,-0.10083783830560493,-0.2736141260508862,0.6652219293021987,-0.064278387164180911
0.054976087395305559,0.27049626538603988,-0.57434957698754219,0.49062752148968936,-0.0011882594183053384,0.041715237004226073,-0.065785976974104793,-0.0083769272034618786,-0.5518404505753568,0.026180986201676318,-0.14209559842996272,0.13525765113861346,0.0581200477377792
-0.33686732957917415,-0.30256926460998068,-0.40468419922585552,-0.28147386089328158,-0.094564865949948562,0.23779172939846152,0.23080850054465377,-0.086794843199023822,0.63004601379498004,-0.075354346714300108,-0.076098245320959948,-0.10595299647054916,-0.077645606859444868
-0.47689220477810018,0.1699097063060945,-0.00041617732175853908,0.14551457116929722,-0.10873332286557807,0.54948708574920757,0.26814676137379234,0.30669406858525655,-0.10339885852215185,0.39967013376477756,-0.20039041726715476,-0.0049736388867571719,-0.17943892183139543
-0.58477207600318271,-0.30366124310006076,-0.058817318853350939,0.56822073907596171,-0.14455680915455699,-0.10908764028579895,0.12160855941934053,-0.30333905916837695,-0.043897463477598007,0.0052803795803830168,0.074266126678874764,-0.27079243758067956,0.13819660214492166
0.4613737417989851,0.16453310012070255,0.37665223009354254,-0.2187936095997933,-0.10577990032652089,-0.4496140676623363,0.43832011237481489,0.3291767139423678,0.038808979419614982,-0.15567238310813269,-0.093411174108476214,0.14528876138104005,0.030447608472324739
0.067579853863137723,-0.20152185900568872,-0.20755264232289095,0.22375389104128296,-0.26965582859055237,0.087625869743178778,0.26559634974651625,0.22261231579881946,0.092610399764193274,-0.44073364697959799,-0.11966610592910815,0.18241889252489346,0.64091209579445552
0.043543698629631297,-0.055691229069259343,-0.21089866057150222,-0.10633385446763242,0.054559063698519761,0.052211567255983693,0.82065514508476434,-0.25772032863954941,-0.30851136647695077,-0.013249946135539854,-0.21189236677040715,-0.22521153204985822,0.05144406633006824
0.24601050397438712,-0.53275506481040646,0.01347311231276737,0.12392338768862121,-0.17009997415747372,-0.26839095116201606,0.130727428118948,-0.025485271727368541,-0.5733731529732522,-0.16244059881535183,0.37953570000565834,0.1454636775099715,-0.032476590374993557
0.054420034223688234,-0.33281540676503402,0.14560653663364967,-0.1661705782301145,0.039639563408338331,-0.52458172704658579,0.045051985499348288,-0.59179147018994482,0.1832613426924708,-0.3123137822453052,-0.22734362944809963,-0.081300751653252692,-0.13796657208872862
-0.23817703919493036,-0.1863097286410062,0.22135423083095901,-0.017384245153216994,0.06873012440923959,-0.24325697747938924,0.50738566764333959,-0.10593077270501877,0.17919217709700999,0.36993495493763329,0.33324953790571199,0.25831004651078521,-0.42421704614266942
0.080786361853662406,0.18783464104254088,0.10556607220625705,0.2687534151093533,0.32651364816347445,-0.23905826622707058,0.063579112298563639,0.035254354200416255,-0.26721189985776095,-0.62406837400913806,0.070014667675914841,-0.46423641229496038,0.15650205262336681
-0.092079971196057819,-0.4945392917467778,-0.31702409945129051,0.080955675975197747,0.23791174097641546,-0.081845675474573595,-0.038514031173981472,0.07996992658933888,-0.20185636159307518,0.18175101535740329,-0.31052134211690596,-0.20385530015750336,-0.59745704972148506
-0.16895518139634538,-0.17582498978231575,-0.42082893926160425,-0.20292339776503934,-0.19532707686231296,0.17985143729891129,-0.049189598614286838,0.34523342198182622,-0.33266558891919862,-0.031826885576163727,0.21710699752230719,-0.57536700460739787,0.20074335950952074
-0.23309100111501113,0.22690259887249101,-0.047516418872475763,0.10914228183583301,0.10095485923711446,-0.33494993262674588,-0.41351255920186208,-0.03481319099856385,-0.28697332883032317,0.17280404190550372,0.54427706665357911,-0.20656506669226629,-0.36647569059959539
-0.46601586929650923,-0.1072144714094513,0.35608901969002016,0.085677847214026617,-0.12365282315315908,-0.027306208716033082,-0.50745639831824485,-0.027377072924244471,0.38837385061685209,0.1006062973790828,-0.21584167992447109,0.13893714133607754,-0.36884956047475254
-0.59037428561027705,-0.14009665946996663,0.28380918830425955,-0.41210823372495731,0.42584251802165629,0.17827230518794995,0.04188992839056474,-0.17787282255539752,-0.20568730567074672,-0.13739790156490994,0.066112335784716175,-0.24162620954673897,-0.10485412732876138
0.11054157093649757,-0.078586995351341976,-0.57508027886172375,0.13157379237679193,0.11325140441446975,-0.65421395411409944,0.23446669144211682,0.12544763056030739,0.21109590442581211,0.071981042547214741,0.19851268977880002,-0.14761608790173131,0.10536408662265337
-0.2204872348462035,-0.24511552566783568,0.31928051581162048,-0.15773134868400734,-0.16751271001673312,-0.28903930003184775,-0.082130232145978185,0.19617605239102437,0.35747752124671822,-0.29411059177329463,0.56670655926513636,-0.15940382498757555,0.21631635754834194
-0.41152165130938406,0.55813580474752666,-0.26854217369096112,0.20897278559114091,0.0013990049344991394,0.021066888449783282,-0.27864363751152416,0.21328439692968185,0.37901022374962751,-0.10548900632753139,0.045075260864584847,-0.16960985171564791,0.30691299579398751
-0.1685761456217752,0.19061009678808091,0.20636893880482315,-0.078650131263210563,-0.11613200697987193,-0.26784356336338749,0.20408148134112364,0.092575670895774426,0.25107671066688786,0.1881941895849604,-0.1541199206141585,-0.7514963199767315,-0.25312710686235579
-0.15733698600554111,0.14184650736914706,-0.40938411633669408,-0.20052866932373717,-0.016599018872446563,-0.0022631591087998153,0.022973677369000727,-0.54147393661816468,-0.10407407503025815,-0.36031186928539449,0.47517977820942908,0.096356062035794221,0.27852954510336647
-0.3303921992995425,0.33163359155603178,0.46221445855492466,-0.10161168325995516,-0.30700550042852237,0.10675103400631338,0.35171277797354122,-0.36506732812585646,0.28171884570348621,-0.094394664114090268,-0.11721270440559908,0.11758090944926206,0.28005155584857272
-0.08560484114129327,0.13966356406156119,0.54987455835897447,0.26081785370556548,0.025471106579030605,-0.21288637086516096,0.082390246495839412,-0.19830255857598539,-0.55018352966544015,0.16271069804391725,-0.35163580159908009,0.019678605572487004,-0.23975988743375887
-0.10469547447688919,-0.12647256995668016,0.025601977986467708,-0.23663565205073114,-0.58825462993694322,0.23938189950517513,-0.014039354908302073,-0.4757943347581064,-0.21525842331968742,0.14628962415460126,0.088990844786789286,-0.1837886707357537,-0.42075243166873949
-0.29342288164637215,-0.33319708914731622,-0.20977542304871344,-0.031220006650606057,0.27228197547483246,-0.34310116110590166,-0.57220576473111873,0.082840237050952975,-0.1953582987924011,-0.202116952137326,-0.11252585675411303,0.14249057938677673,0.34609639046386576
0.12791173428030206,0.35857782892393825,-0.045293638409810155,0.36411617959680903,-0.44098294493652729,0.09577709802403038,0.42428955524287126,0.10495888784729243,0.00099536960465163265,-0.0658126531226748,0.53713681751587661,-0.16663675344534862,-0.071659985028672449
-0.2716803662338021,-0.18956383536634022,-0.28667936994566129,0.29515832786199792,0.42140300903474742,0.24089601441161806,0.10322985413740443,0.35214456175721459,0.018273193042355931,-0.27993458651367992,0.46288157106706951,0.19965174597830473,-0.13364430218282242
0.011149829855550309,-0.39655494868039171,0.45616328798944772,0.21529378524115181,-0.13660929587658383,0.30911888034410534,0.3465456661100168,0.11697723770349885,0.10952841147082659,-0.41880170016559459,-0.11884970561919977,-0.14805138568540291,-0.34169216795671231
0.10616921891631505,0.21494457510647605,0.031610308787071099,0.037737844994049065,-0.59010397872350007,-0.48822007748938606,-0.2511460635143688,-0.16434543680044084,-0.21263612222299416,0.012004981336914295,-0.038270610240224413,-0.22379791995150305,0.40808070746108421
-0.43362200050183097,0.2336492480946202,-0.31097292889674327,-0.2359497923862299,0.067515536552084102,-0.28421352179330617,-0.033346919086428777,-0.40207463942778521,-0.029665927344732619,0.5061580514646894,-0.30888434125725694,0.061776994759961887,0.024286673691933994
0.0034440343350440623,0.20120572971008149,0.16575987808161063,0.53581957082887388,0.026626107648765596,-0.42717550037693869,-0.098726610896926595,-0.15743429744991361,0.13830266009586895,-0.23610271976514119,0.20750396321880613,0.55122083054332915,0.073693045834947776
0.16790211490660006,-0.022809040810916396,-0.13861882942873324,0.39145222637314536,-0.49493627728965206,-0.1533669467569416,0.27130881862845857,-0.10722457949490112,0.2855497898917348,0.2247542525075498,-0.49384638301261613,0.1553518187376825,-0.21255136670223362
-0.24948674677665031,-0.56317654748346335,0.26688029321746792,-0.30906323773669958,-0.31665630670563416,-0.15300316394851776,0.16485836932279654,0.16917256311061346,-0.094151910382498774,0.29219316646913179,-0.35149596229963181,-0.0166274060880299,0.23727037323123223
-0.27605271787821917,0.10396773512939779,0.32001121789241604,0.20132238054048254,-0.28195237353492547,0.40688989146453763,-0.38238290093767946,0.062351494019728872,-0.40545883317227016,-0.33991064731715631,0.22609827075940245,0.12346991367116245,0.16907231851277468
-0.34197475581284997,0.2214318585839356,0.11515771202799278,0.010719104947703791,0.16225151741667773,-0.23472492986603655,0.29988713461467514,0.24141070320472935,-0.39549751322573923,0.21056441023698566,0.30094834664514619,0.13947918235737333,0.52936965186989082
-0.2462975088961209,-0.16245390130981596,-0.36063513313618106,0.064142757761990993,-0.49521461742763873,-0.0082657964236395251,-0.21149532178512681,0.15254477043256984,0.072848970981481867,0.3561387691032335,0.35459629272441845,0.44009023825937338,0.1179343527177785
-0.17298542371308015,0.40027084714435024,-0.12168993416248985,0.28840723045903766,0.24756254729515029,0.17790852246155373,0.14834037745406278,-0.45426996461515035,0.17401439445525435,-0.20483681516874661,-0.076238084288159064,-0.069646984668166184,-0.55467586718176753
-0.31777669635969003,-0.036433130538266689,0.11958838121256091,0.21597964459386862,0.51916087053877247,-0.21447654109284425,0.32723810226637284,0.19069693318249961,0.29512090733843005,-0.058933273304592616,-0.51672489150959577,0.097514279834554393,0.10334693727550258
-0.18429513149805438,0.023404028195050806,-0.076163871666853886,-0.0032717621977949346,-0.13782388430713302,0.26816233575883436,-0.19418692066349161,-0.17916662922751847,-0.099329692805930389,-0.28257860351762254,-0.76098358492947726,-0.3445844371692911,0.10681155225091372
0.27591748631067631,0.43882138556775341,-0.31685784699634445,-0.055293049243085049,0.24496581208634211,0.1889787518931294,0.31953501508015447,0.014843689727509688,0.32034477504591807,0.23123932386429735,0.011805133096756612,0.5034014454428497,0.14198648115792889
0.43092564584772997,-0.59562868916747136,0.044967291127829469,0.052156248796966072,0.18766057677340386,-0.074467147872671155,-0.14553153904498825,0.19319191140148981,0.46022445518249855,0.086068938640836645,-0.019254383025920242,0.36839990808477757,-0.014805210807700494
-0.19012859515686309,0.07669293362020034,-0.10183851090392186,-0.53946305396914851,0.24732756036299267,-0.16239983801615671,-0.12636794118593517,0.64547045118959179,0.17634764582110002,0.25618862776929963,0.043754808031007682,0.089360357461646278,-0.17263079394430547
0.17646360890613264,-0.19605111906768766,-0.37022677305614771,0.32217706824111397,-0.33095248697375257,-0.012599132714070491,-0.44780334430592122,-0.053611578548439225,0.20113458447537133,-0.47849401538919539,0.12366261408009105,-0.16362535641448323,-0.25493324642462267
0.18366943316686332,0.073346540712125388,-0.0057031027155027047,-0.49436447515593723,0.30884745687954313,-0.087803848987574443,0.01120103392788456,-0.077607212110525653,0.24186372534879147,0.026586421026456874,-0.14639428383639747,-0.33333773990145887,0.64456358875843056
0.11747839280910717,-0.32932693087776493,0.17948675362577846,-0.17207611846582471,-0.0031468564637130037,0.61018240545120772,0.26609697303786367,-0.093042404624366151,0.018098600346582106,0.2233517024537425,0.44435655959442777,0.059562283719273239,0.33601487434676247
0.083151504553038991,0.39059482006144236,0.63430869627232156,0.15468853664947177,0.42118264788272719,0.21064394342552914,-0.047598918285885063,0.23003348456771447,0.21562134100987121,0.1184353851686806,0.2613299809508054,-0.050657399442703449,-0.076939321868463792
-0.49220621170627749,0.12905853983044416,-0.20189522631895099,-0.098921276431687619,-0.33808133446237082,-0.34654733323346137,0.22833217597229194,0.21570638195955882,-0.15530103735621201,-0.45212820868671327,-0.0940301273536195,0.094427943903736558,-0.33342815971919859
0.22211338727290847,-0.12648964132637744,0.042133962502399931,0.37400055207402183,0.06423999303845819,-0.041761877849364068,-0.13252551042584373,0.085871664778183143,-0.073311645491842464,0.80448917001268583,0.014922146293890541,-0.26225655002094772,0.20156377328188535
-0.0029730044427900898,0.059093588741024286,-0.35146842255148042,-0.1924645980827355,0.25840603367088666,0.58331283043993021,-0.59649067501454822,-0.13572979809620489,0.011685539520623411,0.18916137906738609,0.038026325852812716,0.041457462123011581,-0.12486750496544857
0.1681091620345106,0.042197244301853606,0.42042760402293317,-0.49775069509116487,0.040697654862616318,-0.1664888831322352,-0.37731533847824278,-0.26136908452105279,-0.133070176998067,0.22506732942770152,0.19236405491068859,0.43791273584050733,0.090849318092693976
0.28866030002746823,0.15134383611468621,0.056691136329466763,0.060575688930670848,-0.15245691495358688,0.17141763923560821,-0.12401998565263166,0.27539177632945827,-0.17419116800431012,-0.0052302814402352777,0.077246253311401114,0.49211325730364219,-0.68156137628363589
0.40488300042456515,0.36573979496228937,-0.061308160363020885,0.082969177320756371,0.27999804499984765,-0.38427245415739819,-0.46577273458584539,0.046822240419084185,0.12955821297557699,0.053779504970531355,-0.42473666073603394,-0.077391649501764984,-0.20097893580257725
0.035856459586052221,0.16972681866349318,0.11142360487517687,-0.33588407338966259,0.22428144443597336,0.15825582005962546,-0.20316423826173161,0.07060335238675923,0.31398311339714707,-0.71135369322140574,-0.12427703804034397,0.3191702744832432,-0.033797340402353528
0.38167664550822955,-0.14222842419409226,-0.53555702602310529,-0.54003894630959937,-0.25640860843328045,-0.10475720154902002,-0.069608232879747919,-0.0092899084818552809,-0.14990723463867461,-0.090224621146504674,-0.30004983216818609,0.23052915442172775,-0.013903727954799019
0.50920683755001062,-0.06277644889428563,-0.09117808981492731,-0.38633958351722791,0.28805383138506596,0.05156667159871136,0.1002704203889092,-0.047392026143459984,0.12337731451654572,-0.14865932872486262,0.39981882244531991,-0.33220907812718342,-0.4167996920988824
0.059856646933195763,0.7703939083083351,0.0098022387891338846,-0.44515857216172389,-0.040314127705583611,0.15907624679721893,0.021015744082054619,0.024802203503117019,-0.37625578799396858,-0.060273660117471539,-0.040405284917513065,-0.15725419657651438,-0.071400813203952307
0.3233627154299531,-0.14405045090765189,0.13330125689247796,-0.12047490671745555,0.43382886732547815,0.33312389701343703,-0.012294304812866703,0.42672625055960683,-0.47196225119498625,-0.055806734477646329,-0.32469846288668391,0.085228108178018361,0.1497379494346037
0.3411544264219698,0.13539146097182572,0.1774535792556052,-0.21896586747731159,-0.50441335138764398,0.3706543742579394,-0.26161194633580476,0.3559898894851754,0.38258538022625099,0.085199566900462584,-0.12986380210632117,-0.14390849738034922,0.087493299990847026
0.70107170067350655,0.15401788999463015,0.16561164575175072,0.15406619961322529,-0.12317884202374511,0.27293534426303401,0.013738347421678794,-0.47753199615830472,-0.13694534704462133,-0.25591540327066209,-0.11020182005492794,0.10189638104586016,0.094588767131034382
