-0.07550321650215977,-0.44919348299734463,-0.088744880247621061,0.059216215720646663,0.022417559181909557,0.40274386664086498,0.077461067185119858,-0.5659719331057963,-0.090830271843587287,-0.052886805786744512,-0.12450548697427605,0.51381341391824575,0.039492492553594861
-0.10314260203615729,0.27538858045922709,-0.58148947565113829,0.44007626055616,-0.075295264495435346,0.25728654758057046,-0.14401930396519433,-0.16179011371620303,-0.3753304836762838,0.23015545971647586,0.064535003841883445,0.0064999314558618609,0.2547366077415415
-0.17354693859050335,-0.49097557042748569,-0.22644203985091443,-0.27896027992135336,-0.11494546407683214,0.18831831904008309,0.22724258092059529,0.04464030476880769,0.67922794020550536,-0.10068575017490664,-0.03858199520951431,-0.15299702955697417,-0.032195361788589713
-0.38717185071004662,0.0046625595306480942,0.11872915942805473,0.092991520866822275,-0.040633852543313649,0.6609856845880796,0.3400521218012752,0.23799985356410897,-0.047406278588168163,0.40177254032716642,-0.20807802056779173,-0.025114994580708722,-0.094360300217146004
-0.75096429907688267,-0.093268986185821454,-0.15899354664535029,0.15906364537703702,-0.29869832640581301,-0.24341873106044171,0.20930323959862868,-0.1229479430720916,-0.19192749558213984,-0.26632678683414568,-0.0018891429387502528,-0.027576389670761214,-0.24666934924578429
-0.10733655867413237,-0.25343202068972226,0.44282986997794987,-0.1226638494208781,-0.038370448975237337,-0.46515257911994318,-0.031224342583565129,0.38680563972952536,0.22867974868092839,-0.32630384108318122,0.42273949454191201,0.011575896359388544,0.084037365881841061
0.046877733987104056,-0.12554271154992852,-0.23419747918136391,0.14378758129977412,-0.3409488221692758,-0.017971204077418312,0.29209949399756252,0.20059609772882772,0.024521459668889852,-0.39650459419163309,-0.040232884169940017,0.28322149531678376,0.65171919561436564
0.13518914039930463,0.023054359463028959,-0.30865184494107373,-0.14645738085117688,0.037262401895818406,0.14375629119722308,0.77662991296021711,-0.32904042754916452,-0.19488623607943439,-0.021161355662204288,0.028999574893225712,-0.29237710658372157,0.079037261664644934
0.32414541991901852,-0.37359270650072357,-0.062373997280030714,0.20363344978828044,-0.14189556444909454,-0.26838334762484517,0.075657489049772556,-0.098016110737082773,-0.61605801615099642,-0.078495499384329093,0.45090192557048059,0.11213285135234763,-0.030505857741820405
0.19781494311229231,-0.25817204031665936,0.096586086897241658,-0.05099794879651745,0.053632264532169682,-0.50054908413605004,0.020294000928902593,-0.65942840714617079,0.21416879662474256,-0.31014590329130115,-0.088139295694332459,-0.18837709113817197,-0.091049921340300752
-0.038678428013085658,-0.25129594163986041,0.21864696344762627,0.021508535148808135,0.1985212230506766,-0.18765966478776971,0.48339117187661357,-0.12914030693408143,0.17862543027777192,0.38237374910215566,0.27825344988044098,0.24334692858523715,-0.49734767430138382
0.044054043617436582,0.35669345837367866,-0.01859537815450682,0.33003518696879669,0.32051207027128659,-0.19734196059115142,0.047902533251826369,0.026551330808808817,-0.22531470625840386,-0.59492232861620675,0.16959623731085852,-0.37734155808267694,0.20258260957009494
0.042793733945645757,-0.5313932401735495,-0.3129158725465076,0.28384463360522261,0.22362578091304011,0.06654095838820584,-0.043161155283686269,-0.093595695969987777,-0.16076901832969931,0.22980978441072428,-0.26967428670668436,-0.41007168460981908,-0.39077404079341177
-0.16168506400716001,-0.22028941303750027,-0.23215329229907361,-0.20141365278731632,-0.16124699271998252,0.15353196469257227,-0.027336016502827926,0.46875592344254013,-0.3052295693520552,-0.012221831275042182,0.26167369666887219,-0.57889749024761517,0.25279632634189397
-0.25735689469458306,0.14749927131455057,0.095537873510440213,0.17362482983554206,0.22728310869787607,-0.18989482745649189,-0.46734314054664572,0.024419428284040489,-0.17117219466090006,0.30035621282705927,0.52750738255302765,-0.26514566750238561,-0.31294522198720787
-0.32454604800044407,-0.27656384024871805,0.52396709126311825,0.18845095291933842,-0.024263989906795458,0.016680309250912934,-0.41628379022696727,-0.092388126036016302,0.36164875411536518,0.1127879927007176,-0.32521689116252939,0.078885020878851492,-0.26444748322308848
-0.33892165086424569,-0.26476809972862303,0.34498794099011421,-0.34520457226934675,0.55683322589509399,0.24200863456322472,0.079172325367963162,-0.16809666403943183,-0.13811798748507687,-0.23808419144787143,0.096023774653025723,-0.2766121409874116,-0.11043288931957018
0.035568080935555683,-0.046550195165818188,-0.57050354861599839,0.15565035270970451,0.10141468023367822,-0.62493642192028764,0.17018374680856294,0.14252396658375102,0.23729581500686922,0.19971059057094001,0.23806473963370289,-0.16636762342943165,0.12733409574853768
-0.05375482902876972,-0.035109363319349281,0.15731490554253205,0.62931617643362003,-0.098059372061988781,-0.25223534299368144,-0.062967178096020718,0.60092400202177976,-0.24567161749939284,0.165115511985747,-0.20597109943501202,-0.034205863508136473,0.074607508101014006
-0.53462458062560514,0.39554926626709624,-0.076285608389899423,0.11377896134710681,0.028229850970061122,0.060517316091063957,-0.25090113560706362,0.32303163674815677,0.46940728115413305,-0.017652881979582369,0.036372572818705068,-0.094057023538862319,0.36927983137304837
-0.11385369109898896,0.19568400221623108,0.30406012656887837,-0.017222643651057315,-0.0094191471909409151,-0.24230726619588105,0.28288505554787852,0.14454337952092616,0.25759278988100692,0.1445134428287613,-0.17171182928834941,-0.72730549962683766,-0.22490271410919044
-0.15672433167727987,0.057065923083916455,-0.29597451121627838,-0.31190376529723418,-0.015606341411508719,0.044369311455622784,-0.11227646845567904,-0.37590847601187344,0.099020882502263402,-0.26126389335038142,0.69324559781685091,0.05228169133165516,0.26416646552461692
-0.23215064154930892,0.27788375938366949,0.52823111887568464,-0.2418510615421951,-0.21062736892575143,0.093895642065764048,0.4035072780144352,-0.32783285761006059,0.32753153635776866,-0.13818314737479745,-0.026543029563820961,0.19657959890033982,0.20536381924001548
-0.015809969006714022,0.23746608964424024,0.44175728617643245,0.32095385199025656,0.12794387606789703,-0.027881718592923214,0.13310354181169987,-0.46606885835329548,-0.51246542217244762,0.19231238721655708,-0.2576353210569246,-0.060495056150123086,-0.15321485976617299
0.024757276837506274,-0.19915553219183652,0.22774794763564424,-0.23345302731442552,-0.52424770868538695,0.30374393558171514,-0.046864422139814517,-0.39892229980502214,-0.087379312990030503,0.17569936144283527,0.24127284233763027,-0.33064875197322058,-0.34478515373566815
-0.26721001787644894,-0.39653523266301405,-0.15210276054378025,0.052140176071231108,0.30280728196333623,-0.3008663380726484,-0.53798770749349489,-0.047256114667355173,-0.21146522034588802,-0.12859634474506151,-0.10044704493785815,0.057934228402950344,0.44376514930718908
0.056730857166672088,0.41849179242893725,0.013443154869391766,0.26527223506862002,-0.41647299543764721,0.093000306532054072,0.36274406094219713,0.27227164067369269,0.064814485351307044,0.032447963378082416,0.5877215433267664,-0.039858400577232819,-0.10499117567706069
-0.1842021709390661,-0.2813113908157483,-0.29231091394442693,0.34731509024359175,0.40887495769690385,0.27259626486037153,0.046275308045746824,0.39195625829922037,0.043452222317848482,-0.21305164233214202,0.40305333655662096,0.25411524242974592,-0.096414758337317955
0.2254955113235857,-0.29632515264137271,0.37909589880192107,0.33654971559537344,-0.13814868697758315,0.24470230114895253,0.40103776937124563,0.087092030176051716,0.017449678504071583,-0.49370550210348624,-0.13710749603586678,-0.074065849430235753,-0.29774040209106117
-0.026276989768528762,0.30326795058235567,0.15365130827159615,-0.02990267910703966,-0.52254067116656744,-0.48046229639371968,-0.22151895459908727,-0.16694073228542977,-0.19010295730451382,0.11690326096497118,0.084221161830076191,-0.23603941461727443,0.43518873196820018
-0.41485241892504549,0.042815671856438371,-0.16378065248208712,-0.29455614352518594,0.15114709897237372,-0.084265700706240274,-0.040691646633213591,-0.50852058376238196,0.14931283953782298,0.58533213914228732,-0.15910982022940545,-0.13942623628563774,0.1123301805333377
-0.048794096704797875,0.2422459728017862,0.093493686626487452,0.51882606391902286,0.047581279246078682,-0.36139799622709035,-0.14790763004669882,-0.24374039743019749,0.15857883435717834,-0.083926550091848878,0.22560080170912433,0.5969733180719129,0.085977647282652406
0.14956474326379804,0.011258618943633364,-0.12967269466548167,0.38719814433818717,-0.54383481390234301,-0.08157203411512419,0.28117379736538478,-0.25333188954438746,0.30488050552514367,0.32971082849105998,-0.39224109091677345,0.063120055276021408,-0.074977332235425104
-0.060010075489396637,-0.56949068183399665,0.33626443989668292,-0.26741178813817584,-0.19770197915530505,-0.21678317899434366,0.30950360257285547,0.027075786335563717,-0.24168025878591107,0.21876022523374497,-0.38264787472340434,-0.052554375963967129,0.22235776713933952
-0.24604724163846128,0.068506754924711935,0.43184394294305667,0.1617620584274109,-0.21508039370916629,0.41707039038303606,-0.34542739336076866,0.082491559429489367,-0.38394655000671668,-0.29585897194376098,0.24920975874836165,0.18444345123830447,0.21143987786897278
-0.34337757848916706,0.20656709042459967,0.10894789769992791,-0.099144298847727491,0.31033310725463692,-0.18433836503500745,0.3358186101715136,0.18260715600497571,-0.39845065986283096,0.2475023944649391,0.29855408181271792,0.23277713687635718,0.42187173152860868
-0.25453320432323151,-0.33473689861316269,-0.12006422750750438,-0.01262277583909307,-0.43417778374080013,-0.010524070943478861,-0.22314617980051737,0.19846419521476516,0.078663971259026785,0.49877394725015312,0.31767826106873359,0.39541738590230091,0.13619136405302304
-0.12934683211120293,0.31598120104654476,-0.12094919357477429,0.30940536020674836,0.21070039114056816,0.3772197794425366,0.050842520158736068,-0.44850433992370775,0.40844277682572838,-0.1271335881935618,0.086430558457172679,-0.16093770973693036,-0.40776798869246417
-0.2141141844489283,-0.054353948587602834,-0.012432701315324441,0.27544659937823063,0.53724612067400523,-0.14330733512371621,0.40721054487074759,-0.022506253777661338,0.25414183102894888,-0.084072724405479707,-0.53749015860860172,0.11715666626201689,0.1593749321840747
-0.15067847959385747,-0.0022135391414381932,-0.0033317171241544793,0.020485036916859687,-0.18552281105633386,0.34809626523466669,-0.12304504914061155,-0.29228824664555475,-0.011862912240755552,-0.29074711206317533,-0.57447076614814485,-0.45683901428658619,0.31193745274409107
0.1188318214354019,0.36126954886868307,-0.43737674601129733,-0.23506055701163769,0.11978108728460127,0.20504954062179567,0.25458888988761613,0.06393715026789254,0.33727595374638292,0.22388038541362423,-0.0010059182296725463,0.56449321267008845,0.031369537310336273
0.61927148009705135,-0.4801473250633293,-0.0093474607268998755,0.10198464206308376,0.14628683643582607,-0.16277273717296928,-0.14057667570234514,0.20822302764636852,0.29288220481702781,0.071389576043132702,-0.17189018301849995,0.37846117867207762,0.028357507174327955
0.50168209483940529,0.13476280818114383,-0.024406901518816432,-0.13110582902321,-0.025153034818179144,-0.0053169493094231994,0.069622813571862577,0.17605117945602106,-0.24724004242461556,0.7662817806576766,0.03733542012419068,-0.16129861588616112,-0.011863553698515572
0.13289841777320385,-0.18461053065096636,-0.24760750337703086,0.4165567099819017,-0.42399882072714346,-0.023527666491723668,-0.51106225672562833,0.042408370009463847,0.25179992485827102,-0.34365077583827236,0.18872041656501745,-0.2147013090578232,-0.083097757907150932
0.30334713398201868,0.11624660973733419,0.022735450858480527,-0.56242281994303989,0.31988345513873823,-0.15129844049851784,0.031138557252025821,0.082967037238621338,0.22895941245231419,-0.063254358575422998,-0.12463992179145171,-0.23093442169263365,0.56504140314705364
0.14114276185523045,-0.10033704418637415,-0.14937929641644648,-0.23074955880436712,0.22092731879379016,0.62616416432197475,-0.61491179058325762,0.026908127129300546,0.16165139561909347,0.20531130459745589,0.042145407441857081,-0.054033403727042247,0.041724300968286741
0.2444649734340785,0.40171938910728699,0.55118499896721851,0.097996155945411098,0.49027321712235761,0.19669186502097327,-0.020185014216089096,0.34466600776655509,0.17469275078915941,0.048478892591178796,0.063171097887693803,0.13977906655779554,-0.10390435674091801
0.26635295391935893,0.33632581750386381,0.071255165985307428,-0.13554155394145978,-0.11833153686296294,-0.5778261290582225,0.42626331186056537,0.1732675788712294,-0.18214845948062591,-0.20070293734920316,-0.23686266621119462,0.25319324495009227,-0.19802603779437225
0.074786267618437416,-0.29375264894483688,0.28630894229504794,0.43438687732601694,0.12033689375098149,0.15796101171066182,0.10021618039493499,-0.19970576883438446,0.22386170433979322,0.25489801042012517,0.30857596572417134,-0.29830956351779786,0.49879707191464639
0.73475955753466071,0.3359631344994452,0.059275155627674124,0.046040592176695816,-0.19058922573690196,0.27458186597668044,-0.075257914284903207,-0.36818695108354421,-0.03673117713790789,-0.208101858985107,0.051374519168263195,0.11043106046390434,0.17084824419123371
0.15049652718668441,0.0097216726374855181,0.379819856102311,-0.55176388005186572,0.090925315922592786,-0.2044171405724573,-0.3632962927059879,-0.2403726596728076,-0.22018408863362829,0.14770162094538081,0.10523687018261586,0.44775807137189033,-0.082908978265614261
0.10414858178488684,0.11974216358357199,-0.10085958129774517,0.19613170719456166,-0.2172876732093143,0.19963647576413318,-0.2197870359673767,0.11720866876080209,-0.24945647631325532,0.067862725815643801,-0.070077336983408289,0.43009426291614866,-0.72134313997420141
0.24448587095349039,0.43854942759618148,-0.18816820954210822,0.14693261332673888,0.21041913658776981,-0.30099823920364038,-0.50210909744255827,-0.056259579913272753,0.12025467443393764,0.10281487511973431,-0.49315969707410212,-0.12837698095525837,-0.12661172962537179
-0.094186379071383566,0.10122596514200739,-0.053717228917865872,-0.23518528372263922,0.12774881674924574,0.053654984571666571,-0.25827129228888612,0.0241245265432967,0.22674297856038597,-0.76167341341441452,-0.23205267889756942,0.36045845711519753,-0.14443818313119877
0.16303074232904802,-0.16573061577869672,-0.6293091294058043,-0.46428726869248682,-0.38767743519442777,-0.14835382976328687,-0.16846346450559826,-0.14449030176579689,-0.19518981465926952,-0.043870525353331989,-0.25788835666202958,0.059380774667956125,-0.052397380090635791
0.49257738949514596,-0.0047346896267936251,-0.19467985657661138,-0.32906750190928968,0.19579365400738705,-0.021341172375444063,0.0155554826128213,0.17238041004949992,0.092281544014889888,-0.24891053835221497,0.34385820349723623,-0.27813106170770224,-0.52568446832595173
-0.2117757643298456,0.71613609838579639,-0.068776669701874543,-0.46827575481390626,-0.043691054498295676,0.21111077243129647,-0.048071803012842189,-0.0080473216390425008,-0.31337926868020205,-0.066781208796597671,-0.02282707575874536,-0.17930133744377252,-0.18465924400254349
0.28588849586672405,-0.049495209324029135,-0.10447642967431299,-0.097417096362010375,0.33437278794672221,0.31318170806888451,0.054552746042037463,0.28492271205066871,-0.61702907544703445,-0.18092704012767954,-0.39368251992224024,0.1389516392384248,0.11668213786581638
0.22317925666794533,0.12232153387150613,0.25434104317909179,-0.2958447607118278,-0.56974260057029802,0.18829241567830182,-0.1608674556059696,0.51983696598751061,0.21117327681159193,-0.027420979792456571,-0.28539220244944463,-0.0040278400518912625,0.0058739411838231309
