-0.10920168047669898,-0.38370558123150261,0.24721695727324458,-0.22322406313374174,0.26504097082012812,0.12818801133231131,-0.2262170000707997,-0.24585896342193445,0.28682823030657384,0.29374148421230301,0.57788693898082699,-0.10255757929698303,-0.13628758397226801
0.34496929654279551,0.094182662919973931,0.14125823483362801,-0.29503343013014849,0.29290870722714318,-0.078142922970134115,-0.038448129473805361,-0.10359976412880263,0.32186573301682248,-0.37310245646516915,-0.13398884028902644,-0.011274249280906418,-0.63255915814126118
0.27233933811706601,-0.43384409833058007,-0.33963176504587334,-0.052587073423358693,-0.27225940320606368,-0.16228036297354489,-0.0019301822532939187,-0.057392395775069487,-0.17278935794588218,0.50776001508332325,0.13599648368292841,-0.31626689866343577,0.33097061153510154
0.29132600161907307,-0.32081232461767523,-0.2560855244598137,0.39333830998715907,-0.21425057139164119,-0.034928514247985695,-0.26278317808609986,0.092754199969242987,0.23366662299763219,0.27530723416500535,0.21752872806868542,0.2019562118085218,-0.49863104552015414
0.45276407238115252,-0.2642816910650746,0.64103627451422351,0.0070854323719365883,-0.083299157884223776,-0.18978466007089434,-0.015758332872627349,0.01247232603159479,0.35794835095253902,0.30773613475247952,-0.18653731571780238,0.11367588743226129,-0.016564870626866738
-0.0050663300892751888,-0.29377031243364299,0.066666591737435082,0.021918334470579132,0.36724948513546646,-0.23885604785096703,0.24638762151762889,-0.33292580094649576,0.089470358151738746,0.071212614158049581,-0.2347604331126798,0.28039684213737004,0.63124211809186315
-0.35923130830371747,-0.22415158378077796,-0.2294430147588721,-0.19279442076642103,0.12017441519819809,0.63261176090594895,0.064896984175950995,-0.37317793439092262,-0.098408938548252639,0.18293899568976002,-0.10773920841254388,-0.18370991832084391,0.29030012589993925
0.44460943172582734,0.37261909863530157,-0.12311869675838633,0.47096462935175609,0.24306367812876836,-0.22113059227140794,-0.186928924580547,-0.24022709470566675,0.43264012561732734,-0.0048815310784187183,-0.10260264578872587,0.083994499150064614,0.14525050144909693
-0.025589781574522311,0.32508339412689091,0.26323452317782847,-0.30713164167967133,-0.14527111634279752,0.034845779752333571,0.23115921565164829,-0.21779751536566028,-0.18653057253158925,0.68824125178390516,-0.10842948981074146,0.13193588498686987,0.2631002033148272
0.074247709536529261,-0.27590974246301658,0.38265109067700015,0.21347094188897831,-0.051747435331336522,0.25959573707794448,-0.18155616699014465,0.080474928583689764,-0.026466059846526294,-0.23990690566521222,-0.36588343609157364,-0.39123458219582435,0.52122147779846484
0.21307077752219952,0.30471272739096578,-0.42887900110850902,0.10868935935738637,-0.25562233730371992,0.20052022433256261,0.36755424954431426,-0.34572059167975516,-0.10449955081120829,-0.091019308968297519,0.16346683098508263,0.2400542326867029,0.44975362071949221
0.2977022682977854,0.19340364865254697,0.31902348531683339,-0.16032809164115608,-0.28967798028448893,-0.32153535631918506,-0.075348615475385294,-0.28760375800040083,-0.038565338727091239,-0.55386206212806222,-0.20551517957695492,0.21678379411391363,0.27076462517723349
-0.22333866904083663,-0.10349063267685069,-0.46672042502089317,-0.043012311690988382,0.13420173011519718,-0.09905159049568224,0.60291748735922157,0.096830038935387219,-0.39843013875344857,0.25562544270842041,-0.24647448772644046,0.17445301749483774,-0.061238615113923249
-0.18811616802038056,-0.2437361446216301,-0.015151214031886635,0.26733664204515983,-0.13166151866666595,0.21034762525429124,0.050798483081399941,0.81916180454077803,-0.2181996421023874,-0.11201920423622633,-0.14951909112965397,0.042648222599868259,-0.11825784279949195
0.066450032424761232,-0.24867632243561044,-0.52445270585546655,-0.14877190357520498,-0.042786713853844048,0.23965331682555582,0.27099689437441776,-0.088181006217964555,-0.13130361208863989,-0.19932492497247417,0.51533748609687102,-0.24016985555839401,-0.34037595354792011
0.0458606176328894,0.64480126134345306,-0.20438309100889407,-0.062413484684593061,0.27527741284271356,0.3938159978320816,-0.11541919723133026,-0.18384380311585474,0.035508558058760853,0.272425880794817,0.36330852467244562,-0.1824632505936005,-0.13307432816595399
0.10748444404244437,-0.17156128537260981,-0.2751805198350602,0.022964856991133906,0.10308457942985851,-0.34372924558552009,0.18809185326254982,0.26415736283285612,-0.39016325583402639,-0.50144599573410276,0.12463495914856901,-0.19293178967440675,0.43862994968149122
-0.01916644694647732,-0.21308876140674066,0.24838993561817996,0.19530953527065212,-0.094641949930707306,0.34766485607830566,0.4665447060773375,0.25393233350400679,0.17512090431165278,0.25629352833556457,0.39051470509080405,0.003069639101364781,0.43993641292047919
-0.37819889093252801,0.17520444143681621,-0.097718751675032398,-0.58646734298423731,0.2249286205369663,0.19286267965901316,0.16634933442090638,0.40154041768960846,0.042515595932708324,-0.036322365690078497,-0.11095936462200343,-0.3605399465194663,-0.22506104585055245
-0.18068986025742173,-0.071800774495883526,0.35001009148543777,-0.00098659602475995836,-0.19453012759726229,-0.059335711661076623,0.5318571101198617,0.054657602736202376,0.017864422043986052,0.30071636820695585,0.16764655335915976,-0.1642710082869604,-0.60549636384206651
0.2500131213369754,-0.15974570885225314,-0.14287054091740367,0.25438542169360623,0.30717281284527681,-0.19470772652982149,-0.084535070116189465,0.10240495885260656,-0.26053325619767981,-0.3197841455405655,-0.2602487724657328,0.64276026331459291,-0.16106510187276293
-0.050591806992592241,-0.19593337129103031,-0.52726391722952404,-0.0063388236958474304,0.59906498737526526,-0.43093540489915355,-0.23552296013555007,-0.17851912302978198,-0.03321760982795844,0.099161313588343,0.070531071460154679,-0.14612862753285683,-0.10869340415878925
0.39787510433332923,-0.17090926306841556,0.106747442385563,-0.31811743031905404,-0.062005892107377954,0.63679209329381969,-0.0057802523333911615,0.25068405836861696,-0.14007062197250261,0.37099759451126191,0.021695570225196002,-0.0059498098795429596,-0.26438950010890383
0.17849746643917624,0.53427884174122575,0.11199398908436826,0.32515641988986588,-0.32249279716957685,-0.03403006176151982,-0.0037619468191644567,-0.25629579805085889,-0.30709494389233188,0.082770742544328757,-0.074715373302874227,0.29849070758177776,-0.44465345515091342
-0.090324519071447451,0.46218680263771289,0.17091338865840175,0.16703578510108114,0.30076271094132651,-0.18103065239072863,-0.40434954646199173,0.32457029234289431,-0.20277633434832765,-0.42016163717415572,-0.22511771219525514,-0.23420675713050695,-0.076504460310641328
0.42094528157487188,0.20665219299352619,-0.17636503592102548,-0.084810208024898109,0.54730459458047831,0.35163439148515108,0.25301161496552033,0.065214598348375188,-0.12652226837969657,-0.15903340202339075,-0.39736211082538264,-0.11254698673386125,0.19617002677111317
-0.12208483219709171,0.0033396132771612973,-0.018179022401123113,0.17163729522001139,0.26703095416566208,-0.026622705456866225,0.27569168632088842,-0.65032820377535461,-0.41887250368412099,-0.42102805900388746,-0.092171220237970489,-0.087460937177524789,-0.12443301459319947
0.16228786902210615,-0.073632878975640054,-0.34549057442562814,-0.24019544402925655,0.090849507864622425,0.037041383137178849,0.39446180276626847,-0.056709188979593185,0.70587517231299191,0.33141588236986474,-0.083697512880473099,-0.087392359519207014,0.0016034689769090708
0.026390783455116074,0.26339093690753562,-0.027595572860295584,0.096723784976125965,-0.25824838334631556,0.27730853953283091,0.24685130543230971,0.076085556455488396,-0.6207290711814506,0.064351353448696955,-0.040491328303078486,-0.56268108053873811,0.042422631035230376
-0.22668599292169767,-0.087541976934411,-0.30709154789334275,-0.16091180379705944,-0.40145777605304844,-0.48665291215718282,-0.094386994492036566,-0.0067099832221207091,-0.2838484189950955,-0.33918190530745473,-0.14838448920580435,0.0095848266896386182,-0.44280310368899961
-0.38410732199197223,0.26229375288426077,0.36907981679268342,-0.37403421257729325,-0.32549589298164583,0.16484970448116684,-0.2318663896053767,-0.43009789342565952,-0.12110142140093307,-0.12187106445123932,0.082957256378547478,-0.23717865969011481,-0.20741044684557261
0.62127313713416654,-0.12539519023873721,-0.12390398641776473,0.080456455348000208,-0.38638448515106633,-0.067214973257166286,0.498209960156693,0.18273903771559075,-0.054057941758297118,-0.18681297408912031,-0.23764600137860867,-0.016844720462158187,-0.21557374155786699
0.13997114083452039,0.28538693378293595,-0.086361824932175063,-0.56038881806052931,0.09545053896493616,0.045687031134010216,0.01250959948657007,-0.019595755907371743,-0.65136767326160661,-0.16393308747123622,0.17833788164131423,0.2801493493626705,-0.065481529459853638
-0.35392257183135373,0.42554506772560108,-0.204365295959448,-0.21279727382643418,0.19257306863389637,-0.087019900852724485,-0.04464259446092992,-0.18126409905917945,0.25204112149541719,-0.15689522573215323,-0.55097239282367727,0.36794381179887298,0.0013433947902960872
0.059691562026195882,-0.1446303196029198,-0.17487602958373016,-0.53575935164881594,-0.30338159466504655,0.15829836320524296,0.11046699488270002,0.31365905520904525,-0.022880689609644081,-0.05067522015380263,-0.37638409323771743,0.21859396210963583,0.48751999550425912
-0.16875003101175712,0.041635973233825931,-0.24339497323816472,0.12455994267271245,-0.13187643129730628,-0.12365126714372653,-0.57054895444389897,-0.19968661621736955,-0.46738984680357915,0.071058239398714362,-0.32944064909471027,0.11767099920746697,0.3886792375814398
-0.034692822379691464,-0.045458929098394413,0.42857348390364669,-0.21790319644912109,-0.01427296681426919,0.043958823455215616,0.12460558215080471,0.048814437298570594,-0.40488859985145242,-0.047876233896754418,-0.71010570395093686,0.046225849559798263,-0.27002502025988745
0.1761021052764897,-0.44634713720292629,-0.046474155216186572,-0.45825268376253281,0.12819440761734707,-0.37878664654789096,0.14252356509065764,0.47365701347993638,0.0075654478160970011,0.071068273631264778,0.22970659248896205,0.21257463204286969,-0.22353706904770232
-0.01823253336689247,-0.090278281207632857,-0.19578693469077599,0.028501722264359142,0.34152542515038448,0.4136695936442486,-0.58933163346753803,0.2097753801629878,0.43934168637768112,0.043877319157909045,-0.25056482559144827,-0.10523915108143098,-0.066996674349567159
-0.12173413253965804,-0.2282093609843171,0.25988056614684074,-0.11257046446923569,0.55010644543290232,0.031443633364200682,-0.045190575380107331,0.27286646168513135,-0.52837783307743935,0.32920428647678485,0.048120916945778802,-0.16295538344478858,0.23739944531732018
0.41764313470517167,0.23596536783230687,0.11312692939398655,-0.32324787497830076,-0.50054703834270509,-0.11299482706776312,0.023334311318483267,-0.035096163563257225,0.15461135448718202,0.11143555544029204,0.58659012362618046,0.02874470449122514,-0.079243182301670503
-0.42360768779450525,0.05348670087887003,-0.15988996115241055,0.47375715919138861,0.04579242217867148,-0.09021951382035498,0.16454477605845058,-0.49580875060088753,0.14963098856018181,0.44553891722599398,0.19765924246272512,0.15082356465801774,-0.042848147183577309
0.36761220717402737,-0.30028467006703252,0.17396389469552836,0.00815043189163424,0.018227397993208522,-0.075490445645705007,-0.51955235844731318,-0.1912028521942632,-0.449367014501875,-0.094424736547884192,0.08272672623225448,-0.35354800229309508,-0.29857937107564819
0.55266305062393684,-0.053603595942194472,0.02997800108392926,0.12466119976313207,0.37187215955837127,-0.09240189642402033,0.35949969099952855,-0.25508788503205565,-0.23006870656688447,0.33633721801594435,0.34746345884489399,0.17257289043963961,-0.13246754151217233
0.16249810567041509,0.090946311970757185,0.4763753525422918,0.031126270429873093,0.32223163974664931,0.43765396153377173,-0.33063967976279418,-0.39469605510966377,-0.17259643114073589,0.010920366909912011,-0.047358347836351504,0.35983383713398803,0.12372159636321252
0.027996226771926563,0.1845863989695635,-0.08309824961368649,0.55118826094339801,-0.62063952274913303,-0.11932198182677825,-0.14546168712455235,0.16085065909908317,0.099966729261719664,-0.32639142824850281,0.16856561842589243,-0.2129968764035706,0.13289212371649778
-0.65753863090108677,-0.30343770971794287,0.014750943255688475,0.24573593253409595,0.03900473320119701,-0.097949074029879526,-0.03133673289914693,0.026033616196510678,-0.086867394660386191,-0.14391128486322508,0.19107318608118318,-0.57923549938211694,-0.043709354402919356
-0.43501542671514737,-0.095027066858862405,-0.086116827998805351,0.04156014483578848,0.2689289149438131,0.30029255951501632,-0.23131737544825434,-0.040377990979533547,-0.34736357933219186,0.11307954552501981,0.033078290402523511,0.19836991180151162,-0.63329168112429335
0.33030827622276182,-0.065957092583458291,0.17676533152735349,0.32335108713424277,-0.25685116030228483,0.43734342862755432,0.12426981397937958,-0.53565504406762698,0.21322837258485047,0.040293145245842724,0.11359135093075859,-0.33489955294914819,-0.13777702493927177
0.097269565303459662,0.02498026033309424,-0.20889321530402,0.018334361214359548,-0.29702064368524145,0.59468298848605305,-0.219548325353875,-0.074800429205366961,-0.21000002004354551,-0.55428197919820432,-0.25802095462635027,0.09410224037110225,-0.15335526584359108
-0.24350090787459777,0.19112032542474569,0.040744623883207744,0.045781233847100124,0.36376554871223465,0.23061754318533925,0.16022407907520086,-0.13360432155352167,0.49521114080645484,-0.51297372241912753,0.22326595461638249,-0.14971872443160403,0.30125253627190163
0.089442675728106838,-0.74933557180233568,0.030218706718303602,0.18644121976519465,0.3748635390785095,0.18141472405773665,0.25825422020989519,-0.025197899634273935,0.072168644381397432,-0.013896827768844261,-0.23785566686379014,-0.13643976255272811,-0.27104611484181879
-0.096820705175649252,0.13769918838544309,-0.20609356861399958,0.098672490608384886,-0.01192993750823962,-0.079786422106551402,-0.44787525446864435,-0.37960991907642389,0.015010130436639913,-0.38675111030928305,0.53215527506215377,0.35428117576168822,-0.098709780343889886
-0.03232884728352399,-0.071455829301301246,-0.36577323787470872,-0.11246006224830447,0.23402465319727075,0.19065825376910181,-0.2053339950585284,0.11681084791166439,-0.02544764220161649,0.44419285640540351,0.25537030972994523,0.6138118715182056,0.24607471692872909
-0.30142317775054384,0.29036937086495646,-0.31424603362724229,0.2224585487442042,0.12242373436753852,-0.10356620483882192,0.044607343893770419,0.34881654726217909,0.18167056414585417,0.24768578840964178,-0.17670871874822702,-0.29131652581083645,0.56282435925849206
0.21863837995425889,0.28923429077436796,0.18039776162168075,-0.56754770744370331,0.39326930290915313,-0.19409542643137911,-0.29045698431682093,0.11730133347165272,0.2704007697368479,0.071731045186674947,0.078045890733519932,0.01466786480353338,0.3726394544965595
-0.50999414177680291,-0.44728234126403388,0.035580637165500549,-0.17603954878505076,-0.051500786874721191,-0.18302163231192201,-0.18368580364806777,0.088068835625150999,0.15455851087251804,0.51611168715556643,-0.36253322021965984,0.089588791362048781,-0.015054589129975154
-0.14252242832831666,-0.52141516056409953,0.37116492234190918,-0.024565259020495282,-0.50145426322703823,-0.037205925373590826,0.023613503054104215,-0.12548230981755959,-0.42307256638534185,0.00061664960442920323,0.15642041629740669,0.29683489579077293,0.093453683480077904
0.39825709985294916,-0.04826351653149686,0.0038840132120257632,0.18496703390582137,0.26598012585277753,-0.080676789910838723,0.022300750880497447,0.44389095940979112,0.21636470215852247,0.07465955614599748,0.28037996075641963,-0.62543663417687945,-0.08872264454630123
0.11041328772378195,0.6384959485766255,-0.010656474009018318,-0.12656735533831279,0.11374299597223331,-0.4704334545898472,0.52539143217828466,-0.01696291069340931,-0.0025924181853576793,-0.07683786174902825,0.020345495424423807,-0.21589372659217448,-0.022252056036905055
0.08287091387281087,-0.11675600965757157,-0.27358371231998957,0.68900336917579941,0.2970464924345198,0.37769918994367319,-0.16158612740613087,0.00023576655861269686,-0.28488003006714391,-0.055661837162977096,0.24024605261707396,-0.071004849449137597,0.1609614875111525
0.084969191143603989,-0.10650554674656434,0.14235019515315128,0.62131685005128734,0.031786176543049917,-0.53212718765404465,0.11612006963539272,0.047431002394560454,-0.30924329989101551,0.20251866125965426,-0.30622029784405436,-0.21169865902796606,-0.0017040243207221289
-0.084779096163049961,0.12737458238595711,0.02443209690251899,0.15715771238665549,-0.35869874271400382,-0.44069237239075643,0.33199073136845042,0.24275430327705019,0.23157409316323577,0.12166744761517591,-0.0054985448171910077,0.60791983733731036,0.14575459874439195
-0.36658276155950392,0.20916213543051768,-0.39364640809345131,-0.0883827662683489,-0.62037184722464755,0.31962839556731554,0.034029572827678038,0.14765913666345445,0.045494708831605675,0.31575614573471156,0.057998002247348877,0.095863134547053974,-0.1865188424040857
0.206659503215391,0.03243775931270268,0.46365907283084923,0.20677812071710722,0.036173199768004288,0.15413800142653625,0.18295143781829978,0.17282284079951576,-0.22497300491776917,-0.53843177653869423,0.47609176326920127,0.047838232148656686,-0.20155206094859501
-0.13067132747379998,0.00058166586777568332,-0.071968561805277817,-0.24458309488931596,-0.16117499800103022,0.36302273505460603,-0.45194947880877367,0.33961414433851023,-0.16371077700048847,-0.12933186630965557,0.48304378066065995,-0.22103689704719168,0.33889343904714442
-0.022836997359308036,0.098644372688725418,0.25870022083725924,-0.2832803678269406,-0.28696935548939123,0.010370407655664129,-0.57527663545568697,0.32796975499534831,0.038911566070963875,-0.026395082591029819,-0.075632843248671089,0.50813758353865257,-0.23552690557921124
-0.03558584909142589,-0.45736156900702091,0.093315898571974934,-0.26803983079051069,-0.4942270940849261,0.14845560122260462,-0.097059508086762114,0.1877965699515651,0.45546181032643057,-0.22954218678935431,-0.010664188718562041,-0.29526197032853313,-0.22491068591906424
0.24050340034278284,-0.2586065895027102,0.33648165223176257,-0.5557220438567716,0.039341197559421198,0.033015476034957934,0.44827933168809386,-0.22362400844508437,-0.10552948314111844,-0.11577977806381631,0.077755951522561498,-0.3738096297167528,0.17121036776633369
0.31623180582266514,0.29573729739112897,-0.35131561531537803,-0.16544045317171974,-0.032033230499353089,-0.21996072049548035,-0.2078688867775664,0.24881209049925757,-0.061604352702643014,0.45353255534930575,-0.48511425213620657,-0.093168439603805706,-0.23176462871738593
-0.30517769621827817,-0.44122290864630825,0.10221675901443149,-0.44917518998394668,0.29814008933604857,-0.0046709519816161595,-0.32616951257339566,-0.082087814642928553,-0.084508396907238603,-0.51249745755945231,-0.11000102658411415,0.10098147405333327,0.076519366730588831
0.043275954579650867,0.21473539741124018,0.30101092142363178,0.19103361846422237,0.059290932731963904,-0.22700906449462932,-0.1060665854832545,-0.3780950813438716,-0.18974020229213656,0.054822830649814504,0.45891432624383088,-0.32908590916285629,0.50769396286234136
-0.13263510056636194,0.026544442124969484,0.11014283999779381,-0.024648926619476132,-0.38463022754271942,0.15955272307557719,-0.34938438209996386,-0.29382175584635634,0.53014975672938369,0.14514851182190333,0.050461376326002637,0.1794020821204709,0.50030774653720445
-0.62473981316016847,0.3661763585157678,0.22026718647177534,0.18491381560206879,0.0051885977715114091,0.18055003173647685,0.15108273728697322,0.079866751040681166,-0.36642792472033897,-0.12903463805589832,0.091351159921803232,0.29762154948544922,0.28849848834088598
0.63643710161023825,-0.42899248221062092,-0.11736722300935477,-0.089828121728023971,0.069604078734126745,0.21125704415687913,-0.16215132379367916,-0.059228970613687343,0.23222528769141282,-0.29239370523348712,0.23783913340762822,0.16374673504418663,0.29494170684906501
-0.15014428774172306,0.14459238440000413,0.32465338563923435,0.0034161880407683779,0.46634623473357595,-0.051672407663284278,0.0077943243656149854,-0.35512600873493194,0.23447051347661288,0.26790284473933662,-0.35156554671146611,-0.50190282299698241,-0.050606608973468956
-0.36145547055372007,-0.15037116528869152,0.4379945576062379,0.45158251949493761,-0.11481385981571407,0.033016796873220788,-0.10898243851393702,-0.17343034176480593,0.28870146781605849,-0.34810614576761045,-0.2395985929388931,0.24364020014215043,-0.2710173524257195
-0.10754431601322918,-0.30740613409885265,0.18775858615006019,0.33731995704107715,0.19493468414599113,-0.37015923679247031,-0.45373176651300401,0.35887576254426706,0.20218305163309847,-0.05410803031224469,0.247831015753947,0.16675632837003115,0.31965978389020078
-0.14319981597697379,0.26377381508444986,-0.37416203828893924,0.4555458229161114,0.083237753803345069,0.16373989129907568,0.25398548737317778,0.049099613210110783,0.20387877363319695,-0.13615233445232208,-0.28967318333873426,-0.3033603870247038,-0.47507598756020553
0.22778041026857912,0.39529919415567555,-0.49425642796323238,-0.10135956380918469,0.023126427265406216,0.033415658034346395,-0.022003672299134247,0.5218592457685588,0.25521276524574021,-0.33984342722650246,0.17178617779965336,0.2232005439035335,-0.053504186333428995
0.20247926904228633,-0.22796615337060769,-0.18804530750754589,-0.2986557409406112,-0.13888027734134883,-0.096033902364086904,-0.14706240405661253,-0.72799533654700277,0.034234053440637492,0.20387256718904143,-0.20211868048410284,0.27968544747076168,-0.20137175099689666
0.55606774941441151,0.26693664375318826,0.17679917791041988,0.19423042587701303,-0.10513221157992114,0.016064440919959431,-0.13819381936152333,0.4176115591602772,-0.33254378348977226,0.13910863547418001,0.035806438402561973,0.21442024266162776,0.41054544512601882
0.10411747084951126,0.53010393210067985,0.40439031292916322,-0.060486334670091305,-0.32138604696731149,0.38786713177883186,0.19216796501389111,0.25666137351483109,0.33672724166426177,-0.10861327572590676,-0.23640849304569134,-0.051493429465695455,0.026516659401414337
0.11835330995703533,-0.072890504365777584,-0.079290431874960696,0.43636126704765466,-0.14843231674245283,0.39546356857179227,0.090347012105671309,-0.012795963470605283,0.084569865564737182,0.35243858211009216,-0.58149329873447819,0.33518819130009941,0.12401950672771389
-0.31547167127598424,0.32871871598324059,-0.062092518858164643,-0.035987993761211916,-0.08034177032299801,-0.42232215501621445,-0.31724800006905873,0.099708765347756412,0.55835309320096094,0.12588664952402978,0.16623920484324561,-0.20147246879619532,-0.30990292924588303
-0.48476690670417261,-0.012896543448932698,-0.26374286235424327,-0.50570199757325618,-0.10513001179888215,-0.32977739946888401,0.16911014375169015,-0.18070747225557693,0.03567546287597273,0.041685867113761647,0.39170133878784524,0.035361463213340938,0.3174747417542324
-0.081516293108391535,0.23679966483351966,0.25466392679560185,0.20891417860225583,0.59884277432262201,0.076772105439097793,0.21565722877305468,0.40834986522830308,0.28754857380643628,0.18516318188418543,0.010573935612822256,0.30606296882843104,-0.20065380771011171
-0.3275817274374358,-0.42282406423922958,-0.61895948005059154,0.23239691734284504,-0.11513190052913992,0.022461543244975603,0.013227820041231403,0.010754727997603209,0.30506364889792437,-0.28236647788467678,-0.086710992919610236,0.22661556112693967,0.17627329923369017
0.22151709948350642,0.2027036706061473,-0.39038574602724724,-0.26151492353511352,-0.11645314208168309,-0.050355599909268453,-0.21999968443759799,-0.27177477593052984,0.15716811861657382,-0.28092363000782167,-0.11312672040321786,-0.63975854972017376,0.15806118968057292
-0.19329306710256292,0.13866733004849172,0.43720688488705911,0.40758056545319027,-0.16534995547417422,0.24133672422123989,-0.39338140688114298,0.17377961227001135,-0.03155517343545574,0.51040089300469471,0.082205940640440775,-0.2023485142889658,-0.079984615044408555
-0.31661431789749134,-0.021555068445494669,0.0059592753492477687,0.038984134808690687,-0.49205982673382431,-0.13769795161106635,0.45442070991540934,-0.31991135880745808,0.14904280368187936,-0.036371965406403174,-0.4482263953121427,-0.25842064710255769,0.19127365066725918
0.11104615707092584,-0.33446349198482817,0.036862057122486747,0.1799703588822876,-0.056866552247786792,-0.56806237366769252,0.28730021841323655,-0.30390240134304608,0.37288172245537249,-0.28009614395137034,0.32446068165860237,-0.10469421839957388,-0.086589779462197716
-0.097673913037411006,-0.17118701227363461,0.07475042008293882,-0.28506956358415492,0.03281094302499591,0.38743831544662194,0.48392452048895052,-0.15522429520331946,0.15692284018443065,-0.20691591021539671,0.064589904880697019,0.60240811342754297,-0.17416555324855007
-0.24281757245894775,0.077490712166697631,0.4579230719195283,-0.12809824149946772,0.27856448400020406,-0.60739770864810017,-0.077174722148453542,-0.24154355580921588,-0.17268632880339119,0.10126720438046553,0.097159561832841829,0.32490383075933893,-0.20742383401235343
