0.083870475605115902,0.14738229087121638,0.43485461319719965,-0.11308224343642824,-0.045829378526536665,0.1313231727053584,-0.33965069923274938,-0.5030725491768423,0.18755698023747289,-0.10226859433290936,0.45693918292615537,0.34732187015201832,-0.080653554217798018
0.53323782059229019,0.07012305888012306,-0.39395077365335368,0.26638435159815654,0.24862248296191675,-0.1971972786455379,-0.14988702996297076,-0.28095855253801061,-0.098479561604673471,-0.016665026331314392,-0.31321181350615379,-0.36065069214126561,0.21055190265548396
-0.069012727528346349,-0.30249149355996391,0.47990380454595866,0.47238937604027836,-0.24964479291811631,0.17160620660074913,0.17101405167973896,-0.11173413507513467,0.51940562881236962,0.15542447114288221,-0.096754635991101248,0.064526124135745613,-0.096494384333206298
0.26791525369016711,-0.060663811778697715,0.36201204898339151,-0.16462779476017489,-0.2730698638693918,-0.091005838455885057,0.51956910088487096,0.10102938952877452,0.056855722169860685,-0.55490427963728628,-0.010220595643903837,0.10629714157826085,-0.28429422689887091
-0.44113735784260666,-0.13620001080502467,-0.0097569435525794879,0.2276376451832034,0.2101092194429828,-0.24008995496633109,0.33224861417660417,0.14262446653922731,0.18459872821696033,0.24502640218013297,-0.00026575801415659484,0.13906711713182343,0.62366576028544929
-0.4159682727625339,-0.093587379655178146,0.082006847459349011,-0.37911243112610105,-0.033899570453091041,0.16180208334619398,0.58506085469498437,-0.16255093821567274,0.038575757165367333,0.17380344042641402,-0.47228129395571533,-0.063776786381503914,-0.1135760082490934
0.20302180831721695,-0.36259777662261866,0.13466592219106774,0.28699021419234283,-0.18630745280741384,0.30975608992493403,-0.25740612309848843,0.16572984637318752,-0.081052661973892048,-0.13232885043677986,-0.038347501593699304,-0.13557438320079065,0.67712015533421466
0.2849031433764791,-0.52122365046427821,0.10734531743713503,0.35448006282377176,0.30550568258775923,0.10005471228326202,-0.14589635827030326,-0.22641009247375346,-0.20124783895375928,-0.39217182951526752,-0.060776062057649897,0.26847983197443454,-0.25300284910746212
0.21446425117580487,0.12128906965896294,-0.53249229618524774,-0.21765268946657096,0.090761025029319709,-0.10889328311121053,0.2492088639580394,0.07194082246630322,0.026972144940396882,0.526307976700225,-0.19626915758871874,0.45137243481341932,0.031799640968876809
0.42690701317300628,-0.18039558583029777,-0.21498774934013526,-0.47861873237126779,0.068655784653077659,0.042401129703508532,-0.09770549358030603,0.10069145820402829,-0.5736543047779552,-0.18924926539167952,0.31410309680477438,0.08564890464324891,0.11324561556914552
-0.29179931391668629,-0.097597477506393443,0.62412279939053439,0.24351735208474037,0.0471044343762302,0.19150159875149084,0.19045627893311565,0.074114845536697102,-0.60528318659807379,0.066562095711428543,0.02958334354252606,-0.043430873992781859,-0.047748980362859829
0.63368364841582281,-0.33291317268971976,-0.25142953059952711,-0.14102672662288043,-0.26787468094025862,0.027927141377917009,-0.11896674222368761,-0.059487400318521268,0.52643563974004104,-0.072155237510106079,0.1307496563381709,0.12162966416966069,0.0070562955601662898
0.0065155785422207893,0.30536346621268534,0.17146734529611679,-0.28510799983408841,0.37688868838748213,0.079439657328070595,0.1240362013854333,-0.46420734284209497,-0.28906655857533903,-0.37636730509844563,0.0099979329914420718,-0.39353547569956276,-0.19134248545793306
-0.265267498717979,0.12841849296217328,-0.037153038077036474,0.38884361548676694,0.013986090528721322,-0.14341985497974852,0.025758264839697873,-0.73638080014033558,-0.15414685520175389,0.19594073505719309,-0.25701984592894922,0.24175886417222878,-0.10107684434114468
-0.26624500857448807,-0.44459602753866584,-0.1053041849371793,0.232204441890002,-0.036921798713454496,-0.038814181301149928,-0.09032800170137345,0.40342833528181765,0.2685028583648631,-0.31432623342018912,0.55143930293669607,0.0060421626591674509,-0.13281636005480069
0.01851999424318718,-0.62199806385268985,0.49862070459697533,-0.40564750932571475,0.25853338187606162,-0.069262761830864147,0.10078269382662386,-0.059900469406433565,0.13174117553616191,0.0067501498278687965,0.20512721459127076,-0.12979536750610571,0.19466776498603036
0.025062788292980764,0.19211226362351561,-0.18168159784071156,0.12681395995162267,0.16589653501543308,0.21421978988951312,0.41477656797527851,-0.036888112423644107,-0.42010001141527742,-0.3790758521676777,-0.33987903753401261,0.32602166106838609,0.35294791904372586
-0.15108681387923456,-0.31122996182229751,-0.50296561901975378,-0.23058214614824121,0.12689589475037766,-0.55320211567702815,0.30230987266249543,-0.16598006957737632,-0.0034460649569319005,-0.36005939386909058,-0.027433067140783883,-0.0032862677797705986,-0.051694668891100339
-0.59564721063762216,-0.13595323447967886,0.29765489725814892,0.015495050131044156,-0.020509924378845135,-0.02068069956035281,-0.13262044131930212,-0.20705227398190701,0.11114111583782602,-0.61704690140171603,-0.21254286951507109,0.077847592657297238,0.17955908465266052
-0.68765707439248103,0.071085659999140807,-0.033263699474371786,0.010967885784363238,-0.058360945996677072,0.19291792067642013,-0.025475783841275863,-0.28639183201733959,0.038026374138716373,0.21569745928350834,0.41490542523161039,-0.42057885485051533,0.02346707287566106
-0.090390857077267739,0.36524364606028331,0.073332454179898171,0.64859045675864824,0.42695563518387791,0.32700519289860436,-0.16162464844639932,-0.077409943398311906,0.18539876348581988,-0.19177649254520931,0.12874351953154892,-0.059091174206257945,0.14079566871625082
0.028779153182962584,0.28783454760460819,0.026677203822944768,0.28780044637889735,-0.16465477448746774,-0.44869063118380431,-0.32965134772091309,-0.087443245638263514,0.31184578477530389,-0.37753960228764222,-0.01527317410685522,-0.15076557269503521,-0.47464089724444819
0.24501758821840239,-0.58122489536799837,-0.13332513958616179,0.11388796683894267,-0.097994844537404938,0.087277259895936113,0.39878023595022855,0.47569552353297018,-0.20944321827906545,0.21854361745317921,-0.15699324630981562,-0.16403839414566565,-0.16025752629328469
0.26199871274871439,0.40094314933771019,0.18527169903361582,0.042387079885055599,0.44758613351902748,-0.10516879210080485,-0.39232805982164881,0.036170799892972574,-0.31269737785938023,0.25204651276462703,-0.137272214715803,0.24558755880121491,-0.35691951303698105
-0.28874944568522953,0.41152066384812946,-0.2910079496737577,-0.0052263296605692807,-0.23758450015374127,0.13378077250501874,0.34265741750757478,-0.062621155610889559,0.47648501018182327,-0.21684842681255329,0.24305655672111151,0.36554675591541247,-0.010964906503004551
-0.085303267215629919,-0.17531528595732665,-0.1293425565637408,-0.48799730307572287,0.019535439153433039,0.13645879774309252,0.026256273220006947,0.60719963104208863,0.23791414303632336,-0.25825619000376671,-0.25818221506520722,0.22552257784723087,0.27913389126394056
0.11653505223133684,0.14176352835935149,0.022869753083505528,-0.21494400400115335,0.52115295306197418,0.39319306445362151,0.12152043981556948,0.2678198391760217,-0.17028469183658346,0.3647511521947025,-0.078841883634351878,-0.33829928021285366,0.35242039993269753
-0.17036524241167,-0.41377434049875317,-0.02338827024145267,-0.16625243680554447,0.1731061264809218,-0.22552736648030491,-0.28991961687551532,0.00049463521076505558,-0.45991248687161701,0.17938692007617307,-0.55586183297701064,0.09100043427381628,0.21385748373793792
-0.42435376600320618,-0.08818985073043599,-0.13263591278729045,-0.27237792713913572,0.64786967200008594,0.23085874344009141,0.01065161300267873,-0.094955314513351902,-0.056931617772798024,-0.019041626235751376,0.18435358246285416,0.43772123636527177,-0.094940266775607629
0.33570674776174736,0.069066727992322344,0.046047546864816206,-0.59459243765394831,0.021051954630830486,-0.40816181871450963,0.012984219498123411,0.20759916817797694,0.051562680867408894,0.15636196476333142,-0.28194446702041692,-0.39156724088663891,-0.23799076193829369
0.098832592298290389,-0.42558288626440566,-0.053050241931189714,0.13782760144435086,0.12718315086709653,0.27966392122505318,-0.36276872414467992,-0.13514564801214204,-0.036380905771393288,0.68413591959684883,0.24833428141173317,0.10313577873234162,-0.037083185806776178
0.1157252611470707,0.24442039269847429,-0.19112882063759618,-0.23887615249966504,0.35403075254405697,-0.35862119387162156,-0.044577217761353073,0.044662183373182229,0.27601735118407977,0.17474612132900233,0.65477950761651604,-0.096320643539752629,0.17495675124366547
-0.1940102139689813,-0.51369658550316022,-0.06642501794629134,-0.043432501984081662,-0.47496180686921641,0.085206085701702169,0.20122422024453041,-0.18745094719781116,-0.2034419058663014,-0.0020622644698198847,0.14378916086290539,0.54359347487491794,0.16167034215151035
0.049248013395563367,0.063041174901134367,0.18028224284456687,-0.31163969410182157,-0.5361798111156989,0.1053102364671152,0.29256671242925036,0.26288879867226417,0.20946065275970172,0.44078419604224806,0.26562966298727814,-0.12919400434991613,0.29202729122988841
0.062694774698783748,0.32776046307176471,-0.29220840112848218,-0.15671222216545891,-0.47518737590605659,-0.25396921652678167,-0.46893881775704038,-0.21797849800691915,-0.26099370362362034,0.35349152030604758,0.13805692297794459,-0.093959431674827856,0.0037777251973409999
0.16366749746145651,0.4076823240395866,-0.090750848974301954,-0.075284094945021349,0.020962587908755458,0.34942194944688793,-0.078676239516483906,-0.34145892594509303,0.47290420304198383,0.3849258891916631,-0.16817193722920531,-0.22807558691351246,-0.30931987413982553
-0.17686714037330412,0.055277713975914106,-0.48568138877619477,0.43305012331882398,0.23629158132176781,-0.17086878417756135,0.050902139388939782,0.14540051155902881,-0.55062257446820706,0.1710741354528135,0.31226267635304178,-0.0085547666701590169,-0.058725092652271986
-0.073852831132767721,0.24444690085853971,0.57183107545373635,0.076520965282988671,0.057495593224925083,-0.26415778114672955,-0.31270193974713345,-0.20502197144803364,0.096607091187744215,0.26579566829301016,-0.20604679396350409,-0.37651486833274961,0.35333362676633795
0.02266089856361898,-0.1256944411508952,-0.078570448309849411,-0.25477782537149862,0.33574668381909678,0.16339845295223804,-0.7700920052394512,0.039641250028681532,0.17746620524491788,-0.2252378265713367,0.036385774996413885,-0.30784651422097664,-0.015639266876862123
-0.24121544799223202,0.18800508851452782,-0.14424128119991991,-0.091713894866901666,-0.44809679889463322,0.077060423893104982,0.036797467506819649,0.46052111693698561,-0.3792206280644545,-0.33992080961425392,0.043159737109111813,-0.4386724896120705,-0.058639987640724256
0.13987086766376067,-0.26718951312995493,0.41018594544656217,-0.15397293137480797,-0.43923713168562983,-0.0048147693755783419,-0.48983599044263448,0.39567828699430774,-0.13122599492724185,0.034371147607958931,-0.017904093548395724,0.1835308934638584,-0.27427523379469149
-0.45102113516796993,0.55876759229003548,-0.36431743115602405,-0.11572548196470482,0.27906748074836718,-0.18402933245185127,-0.14791501166339696,0.08779396303899055,0.055349344021532784,-0.042021977781942492,-0.40789504426023948,-0.13855675656751329,0.080630717222559073
-0.050439023771352613,0.014129376381890393,-0.2535530673441862,-0.48048933339596805,0.0094579343378961515,0.14111671590208874,-0.06094346153023758,-0.50967214626840218,0.13367621771552238,-0.014984562696420628,-0.049870469131713301,0.010696490343970966,0.63080787806115768
0.55223067505463164,-0.022151466092037522,0.36097154923822905,0.24085889684357545,0.011680170247599778,0.081231298099392044,-0.062881508693574187,0.065315474742574459,-0.038857622073709387,0.037485467480238205,0.42989497359325751,-0.51346887360825333,-0.19976719809684343
0.12958059474911499,0.55560209029051555,0.13393643933263613,0.31677404642213247,0.019670657455394674,-0.22633837478493615,0.59560119249309773,0.14391073073491301,-0.048648949529823307,0.24382594094197782,-0.14533395985331107,-0.1956838373283229,-0.089058480965437697
0.11841651515036149,0.069321118427777426,0.26321233968443236,0.16034944659242456,0.064250448607003102,0.31443974486125992,-0.10529502242013454,0.23957261557011514,0.001991660257793711,-0.22821861559319567,-0.74852011248241679,-0.26371673666363921,-0.18105330243238291
0.32472750116467824,-0.27589253873137465,0.19058751905434565,0.24404110987471464,-0.037268883600297176,-0.75581779239627733,0.036509018138493617,-0.044497586068980334,-0.021450609135370894,0.30848163902013664,0.081498110880139349,0.20719240887667922,-0.03743736308220813
0.0082792071370227857,0.058682757975815202,-0.32378963919618536,0.17733109040424044,0.060062254481600172,-0.27519643873348909,-0.48740755082218035,0.036126425988846037,0.053500504119380711,-0.24433901012074227,0.076556563521903667,0.59244739597620799,0.35010179774957595
0.035365092894628448,0.10457858829206451,-0.25821312107179478,-0.41138297738519353,-0.18818334007631354,0.14871831829937532,-0.22654945375033697,-0.27143029671016944,-0.068566759942365399,-0.32563275459680413,-0.38838435601665594,0.38995863001554781,-0.39462039721136949
0.15422577504926335,0.11922818149827673,-0.13614659054012609,0.33230504332107408,-0.0057562897314567367,-0.1204781127719402,-0.31217049240066158,0.62446314008669279,0.40823849823750002,0.36489104041399373,-0.11177638256599992,-0.1117533546762431,0.079352757576723804
0.0079194145857791279,-0.22057834388091427,0.096060714281881426,-0.22715799036660902,-0.12560039065210629,0.87923667421422103,0.057344593268746247,0.041151348895414032,0.013530991708332872,-0.14614026716579753,0.17469087010447609,-0.073211074588780622,-0.19804750287521775
-0.063855522189654068,-0.012788899088666221,-0.042468150621572109,-0.2157966212380206,-0.10428768747415443,-0.085868300698081046,0.22407759354949239,-0.1079694298074199,-0.13165530673580503,0.29713518266205102,0.35931073904544686,0.099675596328019783,-0.78905504877646493
0.013588063865283946,-0.47879084065100391,0.015048537299369062,-0.059932510823614067,-0.43056383877725179,-0.0074016030695766488,-0.12627313480217861,-0.42542162218550356,-0.075379132298750581,-0.11924762149866935,-0.20859564318155982,-0.5242035455017211,-0.21490546438888294
-0.22303176917123055,0.34478945300196329,0.30545211844923204,-0.48098578499511807,-0.058490675019437235,-0.43701344987103874,0.14225146108146258,0.0094277129472318463,-0.28911608315772691,0.017181693654345971,0.043764923744039376,0.41435828708100109,0.18577133218691536
-0.21521495105758706,-0.25038693726354672,0.028187527058975193,0.2408260910682917,0.59091018833130904,-0.22433950048022233,0.047632819134597403,-0.047149004882787351,0.17706415103923095,0.23309304112473767,-0.17104857716114982,-0.3842171642450497,-0.40698607217586558
0.34430118903348583,0.19890982222744802,-0.20314800217322321,0.55029510684780558,-0.49553412406069375,0.33410234429578117,-0.01287758709448839,0.068011501835011062,-0.15631306785637678,-0.035577373169139247,-0.034450022890026091,0.21001004914183696,-0.25463182785784927
0.040012640632230909,0.094216996114721507,-0.10214943162611159,0.078687404447614115,-0.59052174503590693,-0.33625766992219119,0.11031291876151757,-0.039192148936502733,0.21522917148137785,-0.068061848546776674,-0.5851857918480885,0.099582127164975651,0.30674222596681044
0.026509705923260973,0.19114739121309735,0.052884114550107754,0.29011120360497017,-0.2981761562789999,-0.3315738312141101,0.20425611767523955,-0.34224291962901815,-0.18763741895907415,-0.35627512451952215,0.42117993333964282,-0.14600530658884286,0.39654484713210747
-0.36339708407122157,-0.022967043125179061,0.018305783404413179,0.28986234461866556,0.007969064901310911,-0.22703909843749379,0.16020254975450085,0.38819568195778209,-0.02620529168418376,-0.053949590929155404,-0.33363212303787021,0.53374873814156454,-0.39407284398620113
0.3188213489561722,0.18911318760002715,-0.45185813764098587,-0.017495895447843697,0.3970729577625346,0.17978071519526614,0.15324324871596501,0.33926232439014381,0.13363516164869038,-0.31093935938318823,0.056981970252121886,-0.065017281901456489,-0.45554470244249384
0.58059440017176533,-0.060237303638626769,0.36727281940815859,-0.14563205542787522,-0.17681367022854166,0.20649919827128488,0.14996020842120139,-0.35922811455355314,-0.23866418124935909,0.27991046715782242,-0.32287858641478312,0.15543011489959191,0.11843197125237177
0.47170307907058706,0.6883259952644919,0.096983148382516843,-0.18685940757320568,-0.12402025994796689,0.11448029942615774,-0.15962185624448708,0.16822427660839617,0.091079885666129373,-0.27615640110846307,-0.0090884433221917089,-0.019595328481403027,0.3034659321202518
-0.31941838385577409,0.2998226145632592,0.19632141253471003,0.024132730791918966,-0.17894595651031636,0.48434351290222105,-0.25486716338195409,0.070804652696549147,0.015831873762527343,0.30652090784699132,-0.28059087370042274,0.43922606831057165,0.2579078397779197
-0.40694521866931538,-0.18151610229387322,-0.030943055513349586,-0.33559655511032915,-0.10410347092220509,-0.33326244269642169,-0.30228579378289139,-0.09397172261776976,0.55330312217054711,0.29964602064588319,-0.065091100143845199,0.21799836488060068,-0.13440229863332301
-0.29726069834159946,0.35744831043862341,0.51809539820434436,-0.20174366351628456,0.20346887979701611,0.10714520103391018,-0.0013814470250443367,0.41939852497581787,0.33798357103797133,-0.021551921338908465,0.16260193959116734,-0.088107764833424279,-0.3115557354480803
-0.24984322451956159,-0.35064974258801984,-0.60822225185350987,0.29552872745992065,0.019886082752391808,0.3675775367773898,-0.052752467939671858,-0.079901338390125226,0.28817897339452275,-0.045476363725054474,-0.35479405431808198,0.025302340848131225,0.032273617766372463
-0.018405018600865634,0.028329329587469664,-0.047462320264040049,0.0011628701688513176,0.017176904302528915,-0.010610361858476174,0.24878043081039669,0.074132126783102284,0.58795076578488414,-0.31367393680675731,-0.036858915006760237,-0.65081487547199945,0.24456851002895053
0.23779001222384863,0.10667065187561453,0.21195235623235908,-0.064036595014870315,0.48540167371924603,-0.18902820719590233,0.14015346847979579,-0.19739296683296131,0.5159051672400945,-0.15924690318036527,-0.37812490012112049,0.32360975293643884,0.11781315380521561
0.35405121449888904,-0.0088217327888956299,0.27959167066750767,0.16716474375875298,0.2091795104748678,0.2038506245041006,0.20592767884653496,0.41597436545303035,0.019433432811915324,0.090459032070628942,0.34928420927214121,0.55896484623138787,0.15716450417998723
0.080710151653381301,0.02955848916748454,0.22744782474104722,0.11237916937798749,0.46383821276794185,-0.43905358679581624,-0.041831341614123101,0.44666594820884703,-0.21567638475178752,-0.44582386478247094,-0.0013216928183314958,-0.17743872049453671,0.20570570863323981
0.22718807466526139,-0.19301886192292203,-0.1900024477925121,0.16369992044615886,0.2875293992699367,0.23156171290125649,0.63636981518358215,-0.43523119407922445,0.1309782429335693,0.11522264149840075,0.28646323444551747,-0.053089239463150008,0.047252280117902078
