-0.007197806926276834,0.16429820180005369,0.13623119420289831,0.22577080854015816,-0.24139984401928366,-0.42923154435146776,0.16709168016807494,0.59849991278449777,-0.12847736527442719,0.50821362070168463
-0.292100630663164,-0.27815153431339645,-0.16750145380845624,0.44332669611807857,-0.36287630723256681,0.196919440401193,0.5825668282793367,0.27364339688240025,0.16637377550242205,-0.017666844766100337
0.28197966592020746,-0.0021998769431655525,-0.280387126402035,0.45993039751085979,-0.15683339702953691,-0.48192102610739246,0.15944358325509631,0.011346025658937475,0.55588077496992794,-0.19730864905929218
0.47034680489782504,-0.13317156530293997,-0.023709492828475516,0.12265475621570328,-0.16907538923900367,0.27819172546952808,-0.4242834017197562,0.37694351594413739,-0.41909942514154375,0.37644205043729179
-0.25974454756191789,0.034369238815513403,-0.057196148664142452,-0.1458173165344932,0.10099620880466084,-0.39180320123648504,-0.39999977781764751,0.0013338233945412816,-0.66194402728418944,0.38070455332641651
-0.30758310857412136,-0.38082721523070928,-0.021930019015467705,0.10394428786200346,0.33329436354034919,-0.7002588080655453,0.18499761371275128,0.30396957019531867,-0.021938532798673985,-0.14327412815893689
-0.20872640161642605,0.52168116576667989,0.50224216148437029,-0.51631050350448893,0.25780085142719394,0.23135100498791955,-0.0020979594421946233,-0.1379280461390105,0.095482864512042298,-0.13163675202825184
0.27481389379837806,0.28943190806900038,0.23921492003710126,0.31523343236760837,0.28478220959111372,0.062928207070685874,-0.013311392370252513,-0.6051130649681723,0.47770207851352747,0.067167276209536969
0.051387873661008443,0.28998257089292345,0.34759957032460587,0.23348918178041922,0.19193033095971737,0.28659126244488536,-0.53642086594419947,-0.25959930659690805,-0.48533597367208897,-0.16812132322336704
-0.21202466625790045,0.069453295601756143,0.4849843716655507,0.13283994533378249,0.40240016309770205,-0.063651566803958129,0.34540891137950414,0.2796606605148837,0.52375639650919392,0.24402850569190199
-0.37902215860383481,0.028359119275801484,-0.1356346744464868,-0.11102488698206744,0.20377624374949993,0.57255206757739485,0.33301289008775986,-0.34955468665242523,0.34236474921766857,0.32430596689491392
0.11440755487914644,0.49732827928998058,-0.17287402707670851,0.15858631855364502,0.22273772485220147,0.59680727661612498,0.038184316660220707,0.15275585265332836,0.31308684362408667,-0.39488436361989332
-0.74305126815818812,0.31092962991276352,0.10986793216368063,0.035560962149165584,0.10953020807465946,0.10629857825995513,0.35662003918719382,0.23519027086942318,-0.33431757339127227,0.14249639863245556
0.33930071832053321,0.24599756108540541,0.055557977828773308,-0.12865041866203453,-0.46198512598044356,0.62909929494906291,-0.20455787658354441,-0.34904546877605508,0.11249172208154913,0.13854736428366901
0.21698739115216822,-0.033424601701546798,0.19553548634222154,-0.44915151406351339,-0.15121074690651073,0.36315329491389658,-0.37916413931428494,0.32714328605034598,-0.15605559024060134,-0.53098166832338534
-0.070202084571340265,0.22241792660659823,0.20485380358141919,-0.14479553213638324,-0.16801346099980929,-0.014560853582141048,0.22689096611849341,-0.76295962772154269,-0.4388811939477138,0.16741253926484545
0.6665209638891112,0.24123912250525978,-0.43995779108291472,-0.062758312218335915,0.42349299591422046,-0.094120985691298384,-0.32529595640592152,0.016695430340875738,0.0086679799402950754,-0.075336702354904236
-0.095030530987766149,0.67824328732279759,0.13020466597369254,0.05696047779375607,-0.39078165608668652,0.0031933709104291267,0.45561175776524293,-0.09966602908261242,0.30577060670989425,0.21685463994008097
-0.14185601659752109,0.31722341431873424,0.18731317936906586,-0.14289342112606698,-0.14000286383527574,-0.21348264524811714,0.32721598344350794,0.61691572642221182,0.14672508237127063,-0.49938183203594161
-0.45527675697300907,-0.14530388864691449,-0.13326531360295851,0.24623612040670292,-0.10332157756774105,0.71866950072481606,-0.33165370904747199,0.1973349744863413,-0.13064636669444663,-0.007282583848640712
0.4230231764597247,-0.33644504954580384,0.14794047530189802,0.58312721958964464,-0.13443447997294353,0.34997403803452054,-0.19715835907702886,-0.10697545088070738,0.12280083737818857,-0.37414263903690492
0.13393906168504879,-0.24677615745308148,-0.1953995420105393,0.26420911995235374,0.071647674744069981,-0.49056137033623248,-0.38555850455096841,-0.40554597965648942,-0.28627956173941926,-0.41510441927840974
-0.14646866729537172,-0.19784700887991777,0.14291205319790004,-0.4320009551144961,-0.13748313730565415,-0.26420473122963511,0.75415187248320548,0.035238492994489147,-0.0080114192449749454,0.27128965399479554
0.72363516485090362,0.12708016973005187,-0.244059096026011,-0.13709656744076706,-0.4219618652258228,-0.09676283847966563,0.38776084975718494,0.12804802134122881,-0.056240313747468268,0.15655625064424478
0.4872143408874251,0.35941655452460458,0.54993843567028544,0.1375483146411319,-0.16404475461505869,0.02183807159985289,-0.24486053715281711,0.3479722882969028,0.32179335525117214,0.010495810122437511
-0.022179142124991814,0.08750001294816849,0.16755498321897352,-0.33804889069696425,-0.23939081709553756,0.52217011577859851,0.2178566264312822,0.5802004483127694,0.1682268951052788,0.3273166008999342
-0.32245545626995031,-0.016128518390859804,-0.13154967435190773,0.35785214705597207,0.070553636102314798,-0.43573639253613272,0.27273867113841038,-0.39128395209913158,0.15035283613992187,0.55268378396145446
0.23128299886777368,-0.57244287910408365,-0.0067621576004854899,-0.1924413641776741,-0.40761400993334301,-0.20653634740324595,0.26633450678598419,-0.050841349930310295,0.054773451077392586,-0.54443772093102427
-0.16205677390872217,-0.029054348385613594,-0.56968805029155123,-0.23483697682835347,0.081582501301497981,-0.13740480513446576,-0.2226473933779716,0.11797641834244882,0.30861760016247064,-0.6394760834884331
-0.027501454491965397,-0.26476752486768068,-0.41980013624417195,-0.35712205063402619,-0.17108510161733056,-0.10115325596852452,0.13133578743001059,0.60684133605362445,-0.44276317924129549,-0.065777595373171766
-0.2683918992812781,0.22622700982111996,0.11022167404805185,-0.039749213304623367,0.36965295202717841,0.0010869139159474625,-0.50645726265250446,0.68203658013833879,0.050250553134849565,0.047072827452755532
0.16762758855830046,0.0069722441033054144,0.37659293133843519,0.08005648717246297,0.58150502337789489,-0.14917431406831466,-0.16239130606640018,0.075341599004297072,0.1866719012431631,-0.62954455168965762
0.28580010117995303,-0.040625497238386939,-0.21289200944740966,-0.19607775704816502,0.41925909261448613,0.55574071542404235,0.27523218572404345,0.00094619848262919332,-0.52007895626057576,0.045129536104707199
-0.19164911506482882,0.13358828527941993,-0.48472915362809532,-0.017245072241400677,-0.45145278923292115,0.21739933726202387,0.12282389589657788,-0.024852624816877639,-0.28634125484750561,0.60116409781194857
0.28956896233293106,-0.49787045424710274,-0.56139758652991956,-0.11972943068978613,-0.13673355169056964,0.4746926139058944,0.012553136917830202,0.11706411586189268,0.28030633879512218,0.048063148188981351
-0.30303220050748042,0.21923477512817705,-0.27014353479036718,0.019362114515493072,-0.49502164394794979,-0.60282517096456123,0.23434832910967038,-0.085542257130831273,-0.29482103671569082,-0.17074689582981289
0.19938414864853349,-0.21442645502449806,0.39571763697477463,0.49682033356370792,0.38354848456755092,-0.34088693315667862,-0.34869491647777084,0.022892875963816943,-0.048262568106014495,0.35084115972833108
0.31131148286241128,-0.44539286223584046,-0.26247991177293428,-0.19396017208981606,-0.14112033935425947,-0.54184650319762007,-0.30412672210730346,0.14950343652756715,0.15915597975862861,0.38014018037135955
-0.57236964954798297,-0.39711941806294032,-0.53458075455592857,-0.044770960652011131,0.12883176274151537,0.0065192912888248598,0.11226581636223433,-0.2942927618165217,-0.32262005174657277,-0.083501286183808074
0.28583471366896129,0.47123065397848157,-0.10313396012752735,0.39044828812648574,-0.34411532007711615,-0.30841060225964873,-0.37404568843615682,-0.2582918321834497,-0.11583277900780428,0.31556168078418179
-0.69319300460299149,-0.13422388003661997,-0.22182848833045166,-0.24806671116072984,-0.28146406846567623,-0.22318936683883528,-0.062453513273668861,0.23323976229146995,0.38474029169556923,0.23528833711246605
-0.062545196181065119,0.13087992001549492,0.50309716272462668,0.19279315961011911,-0.63226500426581822,0.23265107750768516,0.12204701867945493,0.13733006170854609,-0.44596901496106311,-0.04640738120049788
-0.011302615137947919,-0.025685006813699882,0.67209242554826076,0.14979164845008711,-0.27300237092217328,-0.55974732538660721,0.17773317530412211,-0.2672023763353768,0.16303725384370801,-0.087476079135045112
0.33522862450167307,0.40915527699985499,0.10155424245315435,0.35796295397944589,0.31812958347503334,-0.47476996101978269,0.39166973334836075,-0.027519633517421524,-0.30147420800690811,-0.10050289510127275
0.049839486109069478,0.22051060165895187,0.26274042889840704,-0.63352638339754286,-0.58768879739004087,-0.26115717227116259,-0.1803134753324378,0.042580446708118565,-0.0016923971595348367,0.17490794578580282
0.17303153127468393,-0.4652147056138588,-0.058500782286350854,0.33284519727693057,-0.18655091966556159,-0.2191059161578201,0.33547651863059125,-0.095605077552060574,-0.61859656964817744,0.2286305108176972
0.029388268621692824,0.059445894596181201,-0.11647189959209367,-0.61240840243671002,0.35845372683334897,-0.37879054079216257,0.18228779028318656,-0.19774975651868135,-0.38062166240066669,-0.3432415444856538
-0.33078820171327844,-0.47268270829957676,-0.16806146296571142,0.38218075152176673,0.34630842881383289,0.046696224848752986,-0.24465375198750455,-0.10286569799042038,0.5473744081669103,-0.026035025074489022
-0.38940811530191577,0.17570680727619617,0.4853225483553677,0.058882094632628439,-0.15352372025746105,0.17135345122379636,-0.3422734797756013,-0.082983625536216424,0.077049169678558807,0.62894978421361691
0.18545798312977549,-0.27711416111378723,-0.30756365399367375,0.060430703900154113,0.17973020826089911,0.16270443906710774,-0.37199886656736936,-0.58988756498240424,-0.12825908383684764,0.47852819779322947
-0.31958329310573713,-0.30814294022873689,-0.02852602275186171,0.3076100540082784,-0.6471641125914267,0.014607360714738218,-0.23070241034322084,-0.48172872620914287,0.040315358191797011,0.039121711889673734
0.23020463089864288,0.16410392174963315,-0.57769799777648989,0.42325804975163051,-0.09627831633127594,0.18820387374527681,0.28043068471063037,-0.46992258193372755,-0.17518802546328707,-0.17984359586073248
-0.2406120666686867,-0.37266866451864866,0.33698173977226431,-0.43815874834611263,0.36909554039083103,-0.30174809771741345,-0.14673460290925139,-0.36811207120106099,0.20266015398354187,0.26887172980281043
0.057015484262552894,-0.14049587859293522,0.61934306514945836,-0.21335722705443211,0.31866301115929901,-0.083503661762323086,0.1548269487537163,0.40689899174197997,-0.49858964752274826,0.035414934715610441
-0.36354463974802959,-0.39389551094086728,0.54329784749606025,0.37425062949728016,0.18359560173411985,0.27298208948444647,0.19391295161559441,-0.31692927258132214,-0.17654164055050942,-0.0023712805137389844
0.46365569534549261,-0.20747329089686115,-0.062187891648699749,0.2968062350368148,0.30763038617888,0.055325363835830262,0.27106316412957587,0.68196031443675931,0.081289046817083765,-0.084655689604953052
0.33679102836275726,-0.42124130665252102,0.3052069254300962,0.18155534068273591,-0.25455096814990125,0.13064216497189127,0.22850010633725304,-0.13859932969317268,0.35281526277661995,0.55249407474909062
-0.52615126488500685,0.57993883941275892,-0.32513369839981315,0.0089352673372043116,-0.092480509342662581,0.13232509502355794,-0.29051912647526162,-0.39554658347571725,0.011746170612216805,-0.11825826698534443
-0.31509086376578471,-0.47933565442019521,0.066512084784564038,-0.29461793409043358,0.34103124640071203,0.34097926543661389,0.31127289803527014,0.3086309100982656,0.14307378746747432,-0.36680834042293464
-0.14653063488406115,-0.61395065672325833,0.38678742328883975,0.14636144503633447,-0.28386802747892992,-0.029824995040458973,-0.25358548312894202,0.52445658782765936,0.098492768207633585,-0.0059546812924939083
-0.21069534955436817,0.1779887515824056,-0.22423677305245346,-0.40375839278709402,-0.38823747111260404,0.41877080160150454,0.4513914475357344,-0.092356294955726281,-0.16665082699371997,-0.38009309825012894
-0.14159926951477861,-0.069110556345633678,-0.064018878676996016,0.38775889757594284,0.11840618705370588,0.12756596168033293,0.16955346272722213,0.22901748378293915,-0.54725187707187817,-0.64011162864482318
0.33406526105135492,-0.46223663856675984,-0.2125778535447386,0.021376692320046176,0.48491347442084148,-0.14314211309097769,0.47907157709078552,-0.33985230227606961,0.16863056125994441,0.0039003574804055675
0.045137954282776754,0.15354668858961473,-0.30742355467522381,0.13349436895402295,-0.73316742262504242,0.083107196228207406,-0.28165126289051473,0.43000518820302719,0.17856889512967608,-0.14661503761214095
-0.19169864396331424,-0.068216999538903034,0.30663452917762718,-0.048886636565415961,-0.36013713728487134,0.27214114217683733,0.03106742377873278,-0.036966307158215674,0.73963049683437909,-0.33021040218046205
-0.11090358247853183,-0.56217541608959742,0.16084292318742782,-0.47079735629063985,-0.28747004889256383,0.3730412688898288,-0.039613431417317456,-0.14338819111519469,-0.36164845539227836,0.22230785054827387
0.21730413415018399,-0.22095029257128679,0.3570577321126755,-0.10982646787952795,0.45443107031307489,0.58960722870699123,-0.33809282917698863,0.03924854100593074,0.24438720308945985,0.18625576079749287
-0.036648474013292617,0.35793996273767986,-0.63399696747277534,-0.13218222138164984,0.28478740919054418,-0.11140090780794908,0.53576267248974152,0.21885237163864793,0.12903354512219614,0.077523478687894026
0.023217204816482082,0.015500726462243748,0.073643166644734206,-0.13606053248136485,-0.10277868464162387,-0.065107675483783961,-0.88051048132124698,-0.20492195780756725,0.37001469156530381,-0.079245495020754703
0.39865195130051484,0.047093677166507496,0.49084184522298557,-0.0056177089941313778,0.029822007703588994,0.30319349666949519,0.64091901618587122,-0.07398256506339812,0.083042563775925213,-0.28625025836203011
-0.65326503163675176,-0.10961689317778246,0.33731152221849103,-0.17967241961117825,-0.092164997064582962,-0.20643878188322887,-0.30990339922014287,-0.072204663053915263,-0.20258705744284008,-0.47091526878279316
0.32877688658552251,0.35099172551330204,0.16009411933637119,-0.307921877013211,0.32225936050968151,-0.099624091541239163,0.14960084352441749,-0.073769854484712252,-0.079193846045969254,0.70738563313224456
-0.20104938483012416,-0.47049787457841713,-0.14462988150281192,0.0023235517344154925,0.38582682052103112,0.10723156235969589,0.10299842621369663,0.3228272306246458,-0.098853837132389211,0.65751697484543925
-0.25947051686996242,0.22426476278091964,-0.14254941706838758,0.11153811252793507,0.87691008886164867,-0.024611394046334691,-0.081599832682820561,-0.2091699464677346,-0.11701502750930187,0.12625030562652331
0.70833325401213976,-0.22219660506211922,0.41255946255874171,-0.27718852069372418,-0.0016056871305949467,-0.1176381959804846,-0.20003059934873679,-0.33442094884165169,-0.19007231533024421,-0.0059551380034219004
-0.12240650544235798,0.11450014299280126,-0.41006238157263086,-0.72991391127296346,0.19429865263177101,0.23641703189420563,-0.33539617449245335,0.039234355997282588,-0.00071349781781167559,0.25160578890635121
0.37450665584977599,0.50504255950501731,0.036940622244154626,-0.130022985205869,-0.26634575680808931,-0.17546825419484646,-0.022553530449036456,-0.31742805745888714,0.087550357674927387,-0.61297856620970093
-0.41870515927482599,0.15387813498167857,-0.0078095828841112311,0.18286554178910941,0.19607098050854735,-0.14706363829247324,0.52820525479981451,-0.35179909577334278,0.24731509397872159,-0.49346430409135927
-0.10614777371663214,-0.011119304405505629,-0.64710744064275805,0.55621436235900235,0.12428283221008285,-0.1844778104638212,-0.24162634080425396,0.33113726584694531,-0.17383225957724047,0.11293997417402657
0.40811040321370612,-0.040601498435758207,0.08423633827055968,-0.63442471349285234,0.18476438335538484,-0.11022989161115329,0.13842842432606753,0.19436041845262644,0.55829088649476333,-0.085389215425068554
-0.13321054754745684,0.52531276344905908,-0.017315096704200752,-0.20258472670205729,0.21475129728219408,-0.69037846402531733,-0.16245347895586468,-0.0259517335576833,0.33594532317350945,0.047923248812956572
0.045048664735995635,-0.012093748757174177,-0.46194017261273329,-0.40971126148595005,-0.29751807776795119,-0.19129528441187316,0.15426352383000683,-0.56421358963929458,0.37922749019881846,0.074254473986768224
-0.023971338161792293,-0.24170098367669218,0.035817251314770281,-0.26632979458056294,0.15957541526456248,0.36016612508229018,-0.14262645293366258,-0.66631810579733874,0.073230091700244651,-0.49388546661094901
0.13347147738724471,0.76036706223619133,-0.13648770071932806,-0.21259023117439585,-0.085067642059835594,0.098990725940461224,-0.065558834404693303,0.3155516859793816,-0.46828971233539907,-0.0014307452587141484
-0.39903209069864637,0.28197515456204025,0.25019007004993155,0.73092448816705535,-0.13242368513298888,-0.069823301837765278,-0.19113226538825534,0.15687507686506547,0.18249366936095332,-0.21808513570186089
0.10028788869882438,0.28963727485553464,-0.31794591439946901,0.11379187486624341,0.044119950983335189,0.11798323932187538,-0.23666722314162439,0.18555610406717024,0.63999626480142902,0.5254618131359432
0.093249473804676977,0.27486665315415248,0.073212660458003453,0.64547197493124653,0.17450890305506231,0.41102687550420652,0.24041494017544576,0.083742225724096675,-0.11718270403525438,0.46456254149465048
