0.76652116142173066,-0.26425703423707431,-0.29797673476694009,-0.14645024319698829,0.029144451419566848,0.063282523391217593,-0.026015262989871911,-0.29021297341438879,-0.037612950316449886,0.026165762264745065,0.21004146063403351,-0.1635735394074693,0.068848314047698825,-0.0017020575393008027,0.18279192366013228,0.17746071752335782
0.25389842625330994,0.79202558036794679,-0.35088253981879464,-0.26128728186453343,-0.057224446200664532,0.043295583841040076,-0.041624507909268381,-0.02835621589791253,-0.005986379512486273,-0.093446257596773899,-0.22598357085794532,-0.053439728424805953,-0.011852445193749705,-0.047241429702494696,0.18029764760734812,0.1076278577912488
0.37283773624274591,0.22414265768454025,0.70273419750555455,-0.47679410277367057,0.014036769873157476,0.15637726728575066,-0.16328621860992548,0.0042605015650289983,-0.043111509963197528,0.11126048539486121,0.061107328329992772,-0.1160787076163052,0.048074405437583331,0.0070745642094620712,0.066509655163285469,0.0047009548229189693
0.19743671114338149,0.16502118986973169,-0.26576391859499038,0.44396152156931745,-0.074460257126936727,-0.0416551526208188,0.32685870620369661,-0.38340232160374926,0.1082141371827202,-0.089549063880284441,0.024294328794474327,0.087424800553642962,-0.46361346002223996,0.18751503727381019,0.20137814403336007,-0.29381268243358033
0.16511435357475604,0.15264353700976868,0.022788010090396844,-0.10230886633086593,0.84810382986708766,0.095126991153240512,0.11396123772648468,-0.060447638335997915,-0.075144587973375282,-0.055300282162513661,0.061929912472306191,-0.020220389714499232,-0.40236364052009671,-0.086376307637664296,0.068542805493271908,0.080473483252198497
0.11031208580036964,0.084621032069541843,-0.10013808382027781,-0.02281665594558055,0.048130758986233126,0.90336331343844389,-0.021439240326604856,-0.15728508630229857,-0.14828757286906369,0.033613167676493118,-0.025635831072877896,-0.041074631088159841,-0.020849497553080111,0.0020533899035847449,0.0068165411411672443,-0.31716470478007208
-0.1923555725959232,0.072512635133726272,0.36147825657126315,-0.098754450545423547,-0.2317592990218294,0.19466167700614212,0.48770352857181831,0.1299624350975877,-0.26764702715452926,0.068862451825793716,-0.0046290420207798716,0.42201822914323622,0.073281970858459,-0.42375928218874115,-0.10285227443731132,-0.14475228301762014
-0.12338858437425701,0.30065431090077932,0.052893361936057925,-0.063840785300342026,0.23496958220395078,0.27628058795511778,-0.071339004797824443,0.8531609203702949,-0.04646091625720862,0.037518068204117051,0.03078130305919145,0.038076027317682802,0.078161656196138365,0.086565765635592706,-0.028002806044334087,-0.051418706735687505
0.16111448579256371,0.14826140794780335,-0.086563430785396397,-0.12685379393285143,0.26707923986684945,0.25201028481065463,-0.16406637835104967,-0.0028604103621394867,0.79365894752676802,0.032532218349257618,0.11444101894483874,-0.17299121206670465,0.17314523909384261,0.049835803694201798,-0.24162887634510313,0.043429607433130964
0.12143685581280789,0.16038749128880428,-0.096883925432007842,-0.048184805253402026,0.13080117356732537,0.14207641880081531,0.073365233307418454,0.071532577967086258,0.032487478408534887,0.8788731824877456,0.056090577987806034,-0.014386374988343685,0.036724892548606725,-0.31574240200656067,0.1001172508327869,0.11015704845150591
-0.013413901641911072,-0.14510135543604269,0.13746304963292083,-0.031690907841098945,0.15862028629490349,0.21358591183927395,0.088268245892491798,0.059091484571385675,-0.048479588692387915,0.11067478771821969,0.91520135702165906,0.034169851966987137,0.070302254645031384,0.0022469973113473946,-0.13197764115344118,-0.032817691774450555
0.24798582690691492,0.06743903528676283,-0.21967346449735572,-0.080352285889146835,0.10337992648360458,0.21424714718486224,-0.029160059319309213,0.072574393804024862,0.18551751027314559,0.056632930874918018,0.13702455447076722,0.85785112279473152,-0.053101691891619389,0.076139683883376441,0.095638159282739998,0.080395726308927926
0.11933458629237018,0.15767812360103353,-0.029869514165005849,-0.027056805207233515,-0.11370776990778259,0.18593248417784292,-0.016721395786964289,0.016552686958170096,-0.067795573601619613,0.068952488701156375,0.10055755188682822,0.12827750172475832,0.93149191342184356,0.024311915533171472,0.057951366784416862,0.060617044034094819
0.14481556335363366,0.17911358288426546,0.0015269144966880705,-0.086768868103067581,0.18212725482269057,0.13473144142599483,-0.0084031676428658018,-0.054267312656289576,-0.073906513714866548,-0.2743233756178306,0.16528725458011612,-0.0040192385642339517,0.083460369541421789,0.8761479766445851,0.025470876415909127,0.042142171241137102
0.0099552404410163092,0.091966827596137918,0.065620485255613106,-0.029602581435738455,0.031258291241414535,0.13483604369354391,0.18632273146577089,0.098351586513865233,-0.30267321509394901,0.030715406844645358,0.21323171262849372,0.074751161434557345,0.017289162382023292,0.050887698660349388,0.88103018710458869,0.00096242210111832638
0.0001210349775202658,0.094038282758999781,0.053645313331741662,-0.20160079785076682,0.10450795863215245,-0.085038393193763856,0.066353214141512851,0.17679600058901154,0.092693061711768665,0.010421254144296344,0.19903127772457108,0.016694468818219458,0.090797298773600418,0.060682314102443444,0.10841025193505924,0.90639452356071604
-0.22856791565939871,0.3448791325838404,0.066038183147485177,-0.098635726899649279,0.14979267299320961,0.10865456252201339,-0.32807467939553236,-0.4658344070681027,-0.4176221928222264,0.20104379055018617,0.12350997836143242,0.27550802623708209,0.040698417358605764,0.054331859166517019,-0.28540013806057013,0.25258435193676532
-0.60990617323531282,-0.18067045402195814,0.013814556939109693,0.3239421365960522,0.29861174124638307,-0.034850406609167446,0.27575970288734736,0.12202793115995529,-0.40731796597407682,0.22592093537093583,0.022992983605857782,-0.20784494581024648,-0.0029409876855829406,-0.00036725212530559889,-0.0019741129850305425,0.2196280260657312
-0.15633387367431356,-0.65459730473377242,-0.24978740120299275,-0.16538754627616914,0.082995210372626929,-0.00042120738948692155,0.26227788540820357,0.097069696106118916,0.088951636177120361,-0.37158420830577055,0.15228589055637098,0.10194055904772391,-0.32441053244682699,0.19377854314519452,0.18251623575131629,0.12860841238586473
-0.19488036439284628,-0.15930412666801033,-0.49679132387288333,-0.17630023467914757,-0.32859706402845595,0.23322944799572706,0.093468225881137554,0.2809614850074551,0.32089552195891008,0.067219123324022398,-0.43527885021632734,0.099370640516781877,0.16962203157674613,-0.25371979272203327,0.048242156331675147,-0.080034709414891714
-0.056679929761916818,0.12735121183787662,-0.030250402828766492,-0.45722436512848164,-0.31684076542576034,-0.40107513405284723,0.029612347042850394,0.27339367111429652,0.080726313793708759,0.018499773033036921,-0.063531819882221424,-0.35438474800398295,0.25351791287488318,0.26845394326491601,-0.40064673952833579,0.019724106553658392
0.21422899978617552,0.16803559278902924,-0.11666442745955102,-0.054062838146727077,-0.18696755263629039,-0.2575851303369241,-0.51189808907673817,0.22102049659880352,0.19618706917984727,0.2635929537110227,0.36433350619145777,-0.031259852727674294,-0.21646280303146206,0.24477038367314916,0.25563986698405944,-0.28867420490902246
0.20352636555006953,-0.012467380438734337,0.35400685122243541,0.2413376758500729,0.024515333171782373,-0.42216815070687946,-0.13251133599839351,-0.27549055224240776,0.1016005009408477,0.057854488732250534,0.28439857966366661,0.27902919272724863,-0.12615775830307246,-0.47374433539453903,0.25114541345906843,0.16353125301456131
-0.055242802907077448,-0.22739214080969286,0.21321769816652536,0.15920446747578973,0.17198496678478434,0.045793930829699375,-0.51200319231732105,0.085253301480344282,-0.12531167403384799,0.31910581406664967,-0.014291415145316339,-0.30355801594454412,0.2853368646314054,-0.029138857841277482,-0.39608031203596178,-0.35258024298621765
0.05455196531820624,-0.34850275595108626,0.16425794503678606,0.16296238856859785,0.29971180234665012,-0.030567105059091812,0.12549936649299728,-0.44771870022312166,-0.44452917608488662,-0.32768062377279988,0.054841148025165529,0.16314225676924227,0.26453691950402991,0.012221484818387387,0.050384517036501847,-0.32832512636921973
0.064577256435592215,0.060019116413883189,-0.14388586163689443,0.41465675049885453,-0.11475879018376489,-0.025384060534722704,0.25985852850473107,0.27000893532768516,-0.27568810998804627,-0.47379493572400416,-0.37916889327853842,0.27988522090592127,0.13804659049222412,0.1150138949540231,0.094929024172973719,0.28539792015395543
-0.41621446623598657,0.094929189743968412,0.21736838614579204,-0.3708854011946271,0.13856478266326555,0.13798808795374751,0.18715299346627953,0.0082375781641448771,-0.08968619623149035,-0.43427731877072284,-0.48062748560644292,-0.2472105423096648,0.0069164439127763254,0.09070238943848366,0.19387664555328654,-0.15809746666742272
0.034056178813999013,-0.2789408933987535,0.074801832945605648,0.0034176198129942993,-0.13652408250447157,0.2949720938683551,-0.057633870540691731,0.24548333088661894,0.1504880861819167,0.26367975099560398,-0.19373740912166146,-0.61067388102761944,-0.11235179919631751,0.35091907445850112,0.26854159588240439,0.18889655937837505
-0.021651023570088683,0.0065814392784686176,-0.4350958628653176,0.1061508287905194,0.073695898702245369,-0.41321238198918814,0.069225408730582513,0.11065096809345366,0.25819135334275095,0.0048444301763643696,0.073433708554904595,-0.53638084462127744,-0.27357283355974404,-0.37581448457623878,0.066117365563615887,0.15958341345382951
-0.13448327733867757,-0.20000126922142977,0.046418496000512718,-0.45779278692539255,-0.0071346097149408306,-0.021843572135765908,-0.35709461967045447,0.23795970644188849,0.11467394142923484,0.09873402462257358,0.10699088065045989,0.17105550589373877,-0.40515046928474313,-0.37625037662774063,-0.39532891054493807,0.14111570791532976
0.11655630238305617,0.18918313468680423,-0.23946381447983819,-0.032147440705317436,-0.4628889327822589,-0.016731420880876133,-0.071106942626021213,-0.3714866482133527,0.10481842775675396,0.1133031130805263,0.27417575360489066,-0.051528688411465844,0.097010102451092567,-0.42072431042517217,-0.37660537830619673,-0.32363528508725847
0.56846930365457471,0.27982290810472599,0.072000392295049828,0.18825781486216592,0.11762122535217594,-0.33219936908119796,0.17246386228801672,0.18985447349155743,-0.32654086550048195,0.16387095876611432,0.1372612183264923,0.18716076778810778,0.092934341964276301,0.064048414876630919,-0.36347526826591564,-0.18902742169820444
-0.024041646315325824,0.4212374449201679,0.32939653476019753,0.25531605581173805,-0.09603633858001305,0.032297609484399581,-0.32795630992840374,-0.061037342598894179,0.23006668046143036,-0.42811373553740412,-0.091483536451094555,0.30267499059665076,0.13938967990007922,0.040939885159371726,-0.034503377402076353,-0.410190395977727
-0.047762248548831862,0.03752057304672738,0.45456096120339956,0.29829714336199398,0.22075591939916139,0.29161571084635418,0.28983543976276099,-0.31185828840831953,0.26604754447793966,0.17681013164765808,-0.29910382703276323,0.20151447803964367,0.14934595107126239,0.20483749117027175,0.18910104887564269,0.23137616064035069
-0.44266579821869695,-0.22345500893311554,0.38718045525608635,-0.25522362395853421,0.12462209845943412,-0.32929857652288691,-0.20540850425386906,0.13554574605904265,0.036779271499424386,0.083430706932081544,0.1030860781567927,0.39521517538901119,0.25810356692426256,0.28689130513110384,0.16986407225611394,-0.04025514614685826
-0.22985423322831552,-0.44938705553087632,-0.23008951159793919,0.3423554289929498,-0.27111155958842875,0.18827498193834319,-0.2853823278515466,-0.35761785548305552,0.023567036900897707,0.31743048625714754,0.18217660630061519,0.17628438646023659,0.1202339559335491,0.069959002085070554,0.26513930834790977,0.039446088695588626
-0.10208434814173076,-0.026974012592190889,-0.44786966965653152,-0.20628563709368938,-0.11401724121655187,-0.52336179566850949,0.37012500577295998,-0.28058077423756722,-0.24031757205246632,0.17587506204780445,-0.0045556971465753717,0.28971906790159757,0.18185634707954845,-0.041683494312627856,0.13194904352572823,0.13499011771686201
0.068926952031113112,-0.12346441688268714,-0.082724982914359368,-0.42178554409108476,-0.55137104264890935,0.075523120945065525,-0.33100580340169422,-0.063352904714338631,-0.39396397900010299,-0.34448537241631594,-0.0271903898170088,0.25246991281492998,0.038017193041373569,0.10883664073178956,0.11909059001062858,-0.078329378010845052
-0.3528284965550576,-0.37018773865117682,0.1181158433109543,0.23505561086189994,-0.39066049473675785,-0.45566952358502744,-0.035233070210995462,-0.11077819582038849,-0.013705439709289618,-0.17251789649558366,-0.34561437299096603,0.017737663550602138,-0.18803388018774697,-0.12971129189591474,-0.23618035720933633,-0.19449930350534309
0.14334060495903816,0.019924505289342805,0.094971641644608154,-0.0076810133317087304,0.1694448407027308,-0.5311718553503092,-0.36611348763047402,-0.052430883100421981,-0.46587239569864675,-0.034574710126729809,-0.29231152122974968,-0.28581384424315626,-0.018909302553114304,0.17422624095342243,0.25023059689879934,0.20889931079013918
-0.10001644612290297,-0.11155970146113016,0.16234565303258627,-0.03391241393977313,-0.0024407718386234454,0.1060249762285173,-0.42187926925035674,-0.4842167999249854,0.086658174640127011,-0.37033191447511732,0.26230854639232065,-0.43618514891300691,-0.34729239358919134,0.038672982022606273,0.0024443516889743767,-0.022748532715881148
-0.023940258266701802,-0.11205744421991046,-0.06498067913439054,-0.045760241015407245,-0.16300305390887818,0.21583059101516744,0.095332684177455829,-0.32509396036588423,-0.25699549887794582,0.04702376899021745,-0.38390109139848289,-0.025851221588561846,-0.46766317640070426,-0.3560387448233861,0.21644554165640251,0.42895092931751644
0.12133573002314063,0.080170835068443261,-0.017032996406910687,-0.1313485379654824,0.075180969659392208,0.16100814571634492,-0.0034731607810632673,0.12297214648475613,-0.503313094357555,-0.37477288661479197,0.10108560474276879,-0.38992235584642898,0.1610976058277559,-0.4259626981658361,-0.32642210894956347,0.21121818334948045
0.40514712835112832,-0.10683812712610607,-0.23857817699810627,-0.032387822105805583,0.083950064638697461,0.030432867741734121,-0.22915054950929642,0.27108676973104767,0.048793971415101806,-0.37761124360194454,-0.38648718208921284,-0.19179471302039,-0.33520008142529112,0.13611243846572971,-0.26917434931106238,-0.31310052689596013
0.37967327079732344,0.057543521404550164,0.17951894285550701,0.28924692427396076,-0.14112409252992114,-0.00029580213243060095,0.1652050705784866,-0.010794027247124787,-0.03799125677559026,0.026232107513898987,-0.42022636833462451,-0.34687540492383656,0.21269036551464443,-0.4164942335766712,0.27190145783832104,-0.31247647268138878
-0.095861970077183153,0.45170364495181425,0.28588587302679241,0.22216786918987619,-0.04318341218931189,0.17049775757726646,0.14278591232195054,0.028308982241165785,0.081379708559034716,0.16126428087365074,-0.1858878048851203,-0.3646173828961139,-0.41788383010427693,-0.069821244672151062,-0.47321293069239284,0.00042551455182293456
-0.36781587291628637,-0.18288076341244613,0.22527869434373571,0.15774110149721676,0.17765199467541584,0.1690944955898481,0.025931939837880821,0.14328790586977844,0.41565403157690184,0.14911107279840174,0.080149239972121422,-0.049072570549062215,-0.30811019488351482,-0.27271696498822501,0.28062408359230478,-0.47157775640217164
0.21171441754647491,-0.42064331691770079,-0.13628614046040199,0.48455766753920959,0.18278079352483895,0.23088487660910495,0.21886108913911195,0.0066559256158295063,0.14405977790976235,0.043399570192005202,-0.021854047600528316,0.1319726332875662,-0.076423761721640754,-0.39628963601337286,-0.42492416888787959,0.078913267322249028
-0.39873738192281233,0.032991729397834152,-0.29312795057114593,-0.12896863210091511,0.28768328687929878,0.034657106598005596,0.2308994112265271,-0.01716394498321154,0.066369648389429131,-0.025696014049225033,0.036793723582329713,0.23869302071341331,-0.037399920703870174,0.19473145619391302,-0.53243358293227416,-0.46216149660614969
0.31339067637240869,-0.42281255171208137,0.22792021775319143,-0.040382855151304922,-0.34931490125962994,0.11006711906995598,0.22185021326489543,0.033061749818996962,0.31174315762993193,0.078677377303459237,0.037508839916426916,0.15953718872331349,0.1647277427754715,0.31649692686905923,-0.12198642272207758,-0.46105529721014521
-0.26380711364308213,0.20622721762193039,-0.041859348089372965,0.4586811451163787,-0.28070029986290024,-0.25454122559222891,0.25867563424118745,0.25904209149182117,0.43328707148523704,0.22929860392493023,0.24308084468881117,0.22092009334887644,0.1538858711267603,0.064338667172818331,-0.12166639592692932,0.085458777839888672
-0.45666155623921229,0.16018620665865738,-0.24418877246467338,0.18046598163950017,0.17134201799667687,-0.015541201700068435,-0.37809106832481776,0.05336536877463792,0.28187294025456466,-0.050552829873791817,-0.31657037246717717,0.13205724480031561,-0.37307944428025963,0.29532172434265602,0.091778829563807687,0.25241579716039597
-0.17611550996176481,-0.49459991454845975,0.22496229089753522,-0.32490714350076683,-0.0092587005166504237,-0.027735819688918119,0.21379556699857072,-0.30457089220037736,0.20934445541605115,0.13031352396320922,0.036558207553097161,-0.31071377149247859,0.33180584209566516,-0.37051323557456683,-0.023770796880328491,0.14909092574002913
0.043045309393766266,0.044917757840927337,-0.59045002726489448,0.076507624763361454,-0.29504851925957637,0.19288803510228947,0.035962524777903238,0.21445874315807115,-0.28120871646827555,0.19354910636542971,0.19983979866685203,-0.019794133177149599,-0.29804796755739987,0.23740919867551169,-0.31488704752179569,0.26245503159129568
0.20235731896126607,0.0044253115671496089,-0.084387713343906309,-0.46177461630881722,0.17559012105816926,-0.25763690868642325,0.10415777442720787,0.22638623206035499,0.17264013946183526,-0.35111345672235705,0.21740476194140484,0.10063857939325735,0.2219018998085571,-0.34822089837055897,0.17836238660106285,-0.40813845040898977
0.3968417096094245,0.04076858432592341,0.094639044500944819,0.18720668793286771,-0.43114358409965803,-0.030072558144054046,-0.40868275551478367,0.0068499200023315904,0.18072416036498401,0.22994338804595674,-0.37557165884586169,0.15262414883692724,0.071533594457194719,0.027199091980668215,-0.24218941094670279,0.35860574490002428
-0.19963039000846111,0.44586432935295772,0.16018890512787995,0.009705278697314872,0.27193839064873609,-0.32415445810402832,0.14053328141627153,-0.3533355013805049,0.090671607721540579,0.18049977789985922,0.23526592622498302,-0.36046360485219914,0.25464284304259754,0.094172817230743805,0.16002140761469566,-0.29423107254169684
0.073038173539398177,-0.26068796198823468,0.44209303197610467,0.32753400861185294,-0.026156313547888742,0.21408101785290198,-0.20706579979080852,0.18997028808355709,-0.34143186188661778,0.023696530391340079,0.041977172549146853,0.26727911493487228,-0.49506281960928411,0.25048278565637444,-0.01833171757205912,-0.00056738171900529242
-0.41428039305842473,0.20126283038209872,-0.26835329057540808,0.13288006132977842,0.15829908456519728,0.2429639513945229,0.19088741130201742,-0.30585391222061942,0.1859458114112684,-0.39955262185423523,0.22870574632198515,0.14065605362779132,0.14962959115601202,-0.37328933981981721,0.16396005946983594,0.17086338226142542
0.16238187222321071,-0.37214746020487027,0.004562523236996437,-0.37621947537249195,0.23382572088191933,0.19131821343570465,0.13953266435561926,0.13975706623338771,-0.35512730537973197,0.21652555843936758,-0.41378886414903793,0.17861035893480084,0.16607825968461967,0.21418482587771204,-0.2688261885684845,0.20359691577544298
-0.24530446918358151,-0.066924579695619338,-0.28557238880822061,0.27877688763311842,-0.27279085399914504,0.069768014329308431,0.040740975845105595,0.2251759647717646,-0.11021657432030281,-0.3501233255087044,0.25654898220819533,-0.3944827487458703,0.22208909853380315,0.14947358507549288,0.11670583051293479,-0.45053077673052822
0.18090122041198428,0.050973866350744572,0.19780563051038219,-0.19438944360854232,-0.066992171824991453,-0.3989393588652192,0.31366072287460656,0.33381690360351096,0.26223183021814872,0.13688018791006426,-0.40080721603417113,0.18122280975764371,-0.38426316575707536,0.071428616745780396,0.27935240402490324,0.050168810088089467
-0.47567560949436249,0.29274062820274382,0.20681973764437503,-0.0053684257131435932,-0.40172223974621685,-0.01943163810504275,-0.39277473877392038,0.1250145147706877,-0.038244714756980769,0.10592048174555531,-0.002329253474453253,-0.25839725863554486,0.1401167299983164,-0.35646710099923795,0.2442816250566083,0.16655949284440202
0.057878488340292751,-0.28911593347908238,0.067303009354738069,0.04533566518291321,0.18794539908068811,-0.38054020125898691,0.03248786591316119,-0.29401504793145239,0.19446421369293532,0.43661750119701209,0.13122533568745404,-0.06998089236818815,-0.29672767220830593,0.39069703951126616,-0.32973382285488706,0.19712418290365097
-0.09202874585745302,0.091670667885545246,-0.40178792792904516,0.25379011397373946,0.13659891132972785,-0.058093047166300212,-0.32249150540159927,0.14804772434679775,-0.44240110220351403,0.03836489538028106,-0.059370257361135527,0.24513903070229295,-0.15845384825813916,-0.45666461864409807,0.13355961624270701,-0.31150334485801578
0.25152615136473688,0.059082276806890134,0.15713851696658732,-0.28411253178826246,-0.053021515972465544,-0.09389860881190995,0.32235419262480014,-0.39077204443141905,0.19011861722466292,-0.4765697253564421,-0.12394471742976002,0.22242008348471162,-0.10716619275954073,0.0044137046314149421,-0.41753021027526593,0.2136723215560607
-0.20765661617714046,0.2737457012040157,-0.0048784717984314396,0.13153049896709459,-0.29993009518603869,0.0077036885964074419,0.018346137006856791,0.054938259795556534,-0.3118243269171313,0.42085576782437617,-0.41266424127926371,0.10313768644922584,0.090983656751106076,0.42374747484674608,0.099287393541306182,-0.34389630111378955
0.087577344927379744,-0.18662584956881975,0.52470360148788886,0.26863929212742371,0.26841069473624679,-0.28059893080294873,0.16222920802741767,0.29564499174015013,0.21678156712330163,-0.38688606571906764,0.10509485221485274,-0.32587016358654353,0.076456795912725903,0.1014320655109178,-0.11002365486697047,0.058009023341029912
-0.3440718338929416,0.18097823027284923,0.017383660173605486,-0.47091385145064296,-0.35550935744800494,0.22006167390486739,0.21678601001830788,-0.26256257183485121,0.30118254397818112,0.22149268107598166,0.20561681805252688,0.074491049458050962,-0.25083960050391629,0.25134799366528943,0.13812460871573617,0.0572558540277062
-0.17837757505132476,0.25033535706136933,0.077888005901575269,0.010552805493804863,0.38988851424357557,-0.34970913149521893,-0.014633093969482985,0.098534167542883147,0.12890072865328153,0.035570231444107273,-0.45126952931814995,0.13537519544056156,0.32136717882308263,-0.40961396160600339,-0.2800680698103189,0.16047819482871117
0.039931465503630276,-0.16308715082919054,-0.35068302972194632,0.16735241617741742,0.087084977357813537,-0.3889564752527303,-0.43123229345069802,-0.013943292550794925,0.052518789568068248,-0.37749057099828753,0.3030918373418221,0.17840451111764061,0.24719258413798356,0.064169838152296599,-0.33295082656172592,0.17540701504587888
0.090332881316206703,-0.070980489039783282,-0.058925138829297438,-0.35885445465994986,0.15958562624737332,-0.097067737363149706,-0.3151093184367334,-0.51879315257918712,0.21173049150442533,0.20578788473573509,-0.4223580439328436,0.17614762057811054,-0.059341715086214504,-0.047004835584752012,0.15421004746731923,-0.35372125344505939
0.10247587374625516,0.013469885157313856,0.32946175224265362,0.2305471629121443,-0.54781865211484948,-0.094299622161261337,0.29805604888407466,-0.29819637578525104,-0.32711710249513692,0.01346571232804533,0.22607986141412378,-0.25553616915665728,0.096628614931532728,0.20168910327776776,-0.0020554764508366984,0.25931923491711728
-0.3051100860831692,0.38959495776825198,0.075772922285084976,-0.074416008318506158,-0.062900506331509592,-0.39959830008258618,0.10284069533882167,0.16533123853322365,-0.27208238945908059,-0.38865395118714019,0.3584474580240945,0.093550978681300509,-0.4191424619051724,0.054765858147320816,-0.013927929376492142,0.033281346386193233
0.096654438898777797,-0.35066330541897084,0.14350477833052663,0.012261517779194441,0.27739132820133994,0.30332235809679414,-0.4842332858378362,0.15016799229306921,0.099840170012625837,-0.30532402895182548,-0.21626658156926132,0.095178991632203738,0.19548259405146001,-0.27074668146838138,0.3300920245637548,0.20363556862048715
-0.062285429335335527,-0.0039960416609411539,-0.40429950200845632,0.20615233591577789,0.033764889531376185,0.073162625324411784,0.045457713948306111,-0.48640277996225129,-0.019345116721894099,-0.056513500567335874,-0.41288281144359928,-0.40594900855565597,0.2768946698213528,0.18884227697424591,-0.28175573931317904,0.12019814969225669
0.033115804462221024,-0.21032520089934353,-0.035062960785052583,-0.38865032230626601,-0.030975477703196384,-0.09286939892592995,0.19355086904320376,-0.048603144401673508,-0.44693678634085893,0.25148787816418655,0.1169262441820583,-0.36487378379710661,-0.37553946135226524,-0.043002041114971516,0.019470993763709709,-0.44712225216898921
0.29947963737698408,0.087320951756222787,0.092467608765872539,0.073731580300150465,-0.45729749710231232,0.32822399423732102,0.083523972334140842,0.305882936816602,0.29661756990982502,-0.34935516861527782,0.25861651669068864,-0.037395237847636986,-0.29335729335633659,-0.25648302933091183,0.1478610604652062,0.13889173877160449
0.13658189562436782,-0.24320413261041124,-0.34938848431559599,0.29569564742416338,0.48214052855434025,-0.21093485523570582,0.062069442681885571,0.21944236806798015,0.18496645722708921,0.20051249772174246,-0.16963483790316022,0.035639932342346907,0.28899648150700946,0.26337919852591019,0.2829037333419131,-0.2152724083966929
