-0.68321538840585161,0.25039608886681064,-0.066346032959983509,0.013703394628010086,-0.21295242235766593,-0.091820931853134016,-0.031025375287241599,-0.32311130381370023,-0.019195108323329456,0.2113811282740298,-0.15536460141405231,0.11147450009964524,-0.34021625147144402,0.089697296941938023,0.25483169386731203,-0.19088895769869549
-0.12731250239304123,0.62189677478862448,-0.01086123354571999,0.13081682439052636,0.068954184608960578,-0.26332971738204153,-0.047118280821903884,0.36332236341419111,0.060872827529900794,-0.065072463848063505,-0.43204884935109789,0.18255666021462386,-0.052001925240794916,-0.0060431637958311335,-0.37394210845428366,0.031272014619764733
-0.44524866096348237,0.14747207233791476,0.21905446058003833,-0.14209004521783097,0.1701409409584605,0.15563167866782304,-0.58161583956099505,0.006991759985138065,-0.22742940567815453,-0.01413192732364333,0.20478293536749881,-0.18704817785152875,0.12746447994389784,0.033367304369541627,-0.38997815650538431,-0.14847794724316085
-0.40473089716135013,0.010062831157082473,-0.25419893537754029,-0.029818593323093674,-0.12647222127152061,0.18772607526811358,-0.12075147220247993,0.17152314813899963,0.39809207357037218,0.14577420750699419,-0.16852694768486973,0.12271894571857624,0.6328785404239472,0.22190683514371096,0.042313817806139256,0.02430931187107116
-0.4247289290380255,0.0069088853500925218,0.042548006432839847,0.22021038422370734,0.2726505455131108,0.36583986089359338,0.45383468519666947,0.21539195712055265,-0.098943469460739744,0.23252404772008295,-0.21890530428372929,-0.35247321770702705,0.024923002160422855,-0.16980022117541407,-0.15197472314954788,-0.14196543775651782
-0.51182405678648912,-0.20351404171510115,-0.3038492338807372,-0.088934631026481525,0.085206574339056554,0.14505201521554495,0.095372474687435038,0.149721908684774,0.0082021481116023084,-0.49634163124803071,0.06056652300634472,0.39328437288959373,-0.15991742347788129,-0.21388902435041229,-0.23844672296020455,0.060245409162000906
-0.095701661807406635,0.28840953697707528,-0.3173773578108775,-0.41090329910255596,0.24989468989683727,0.36925392499061982,-0.013215528806778259,0.21002908666802689,-0.41232761635732679,0.20120342149257214,-0.093752972213230465,0.17624292900169575,-0.082792346210174284,0.24870706983866023,0.14894923042638461,0.23187241224271277
-0.25265746176522985,0.31972011326220556,0.12944342179002272,-0.51587929708287039,-0.28234021551753213,0.12229820846975889,0.15735264284021441,-0.14184521329006544,0.031121458952824067,-0.066634036757144785,-0.14366418154347724,-0.16574566978670488,0.1780326065962107,-0.44950574446929181,-0.08935344539663316,0.34095265661222851
-0.16583347505448057,-0.23087150971373888,-0.2524146473529465,-0.030472637524827872,-0.35149889078815427,0.0070103048716063238,-0.34283068824230367,0.39336768093959529,-0.17132280956577753,0.41884753414329479,-0.22567466680458589,-0.0042164222073559276,-0.14968102419790014,-0.40137867750787404,-0.12522635967194146,0.0613331280877581
-0.13532102671206475,-0.21034224113145297,-0.4018863842383783,0.12450737937886362,0.51282468783385504,-0.11598706509716764,-0.17365252801448222,-0.13240295009139294,0.1981500143884794,0.38234095215151465,-0.10396766035203731,0.098137107012524191,-0.2136500413364702,0.23163539401389857,-0.36146977170093569,-0.021255980951467107
-0.25468621367083288,0.044901746714913343,0.082886691140141175,-0.48140141409763287,-0.065308198550077898,-0.4530715695171838,-0.2530596178086556,0.45852439316076321,0.16806267345478756,-0.12833489172820062,0.18959521513096556,0.027526352839956823,-0.09814879153422984,0.11121545380744692,0.30132691344332674,0.12829466044102725
-0.088660626313753321,0.047487453901737448,-0.29708413857666022,0.20625967711345536,-0.31930032523267676,0.39835233329557501,-0.11941206119453246,-0.25289866641257208,-0.11384887871903474,-0.18413041004499284,-0.36582947749691108,-0.2410875020352535,-0.1167206392501345,0.26523784089567731,-0.3689914626893035,0.24754485565117582
0.19475019784464542,-0.46825461430629184,0.02742339257658408,0.2705911477387018,-0.041131125103846117,0.08364992338347664,-0.018225593327066077,-0.28932591600131796,0.10741933145666165,-0.058914306213865765,0.35495705899346808,-0.11171763203554863,0.3517356833348621,0.19958019067970206,0.43789923564771227,0.25945422054972572
-0.20313233559767985,0.20819961587520566,0.21219305085219028,-0.27163434765732558,-0.29495947263464506,0.12848115888430678,0.3982786766130999,0.14587072892177969,-0.12198152410819468,-0.31455871493213644,0.057588736296826565,-0.00302722482586908,0.087779689906355138,0.51286348707367768,-0.15878966749716075,-0.31633162851924451
-0.26837508562308654,-0.059855488198639339,-0.12461344065312011,-0.16817644219768574,-0.052993116242947988,-0.55255756671493894,0.21218896277068727,-0.019778419405328027,0.062944231451486296,0.13127447317957255,0.12641056512191523,-0.035671694161973036,0.28121890806356886,-0.28267887601430558,-0.32072986147375532,-0.47616247478156659
-0.16473777426726235,0.2895938298801255,0.043697294049967035,-0.0064702315704417536,0.21468732738818241,-0.32736040128097049,0.069870910621351895,-0.24560576632292053,0.27064826540415882,-0.052859652870686266,-0.072184489813234859,-0.65886220078523861,0.15309559840007861,0.34411938087747995,0.01438926840876476,0.10567807861400637
-0.21283234073142046,0.28896990931567879,-0.31974388677420701,0.44656918899551096,0.16640688197953121,0.20249792762986524,-0.3254482362846835,0.25747499348763381,0.20564906547927303,-0.061857776806028844,0.24156616864615066,-0.20850732203364364,-0.20922166939986783,-0.097002816508961393,0.27089380578979766,0.23263245149839962
-0.23445763052784302,-0.16629989426658587,0.26726919965924389,0.029830061146013314,0.22451400416423348,-0.066404313369710408,-0.30331891059293115,-0.034702620157838641,0.54720273272340336,-0.12281937174852302,-0.38589065713759069,-0.093528821988136598,-0.06833898105516846,-0.43348692760417917,0.071744470971547361,-0.16469830695873391
-0.072216648865257541,0.34667347507673918,-0.16998417406866745,0.35144449474145262,-0.015917651562922314,-0.1100808617696071,-0.014414346460734804,-0.28597198655911071,-0.34667952350708858,0.49295087889039629,0.11148047885006135,-0.011376334093889353,0.37894528323233301,-0.12449193377988553,-0.11647320510207296,0.28182819379956725
-0.067965990925549696,-0.21199839001254622,-0.33653510632855854,0.23614149780444427,0.1172124793713248,-0.26961067549437906,-0.021220366319453565,0.46838653384553564,-0.43219019966291689,-0.19246502693570469,0.036152788090114671,-0.23062020164782618,0.27755309618715923,0.31139959436772463,-0.13785132151868501,0.061817627295980088
-0.11911243399322304,-0.029322980886866037,0.12754469088791187,0.30042721443824966,-0.27267664431755578,0.041991164880143532,-0.24696725100965225,0.19288914760589485,-0.091786589270879806,0.13874278222143305,0.26057770182092999,0.54794794313948203,-0.14542413238554136,0.45453330588170004,-0.14789140216972657,0.24222051720380369
-0.091327302906314495,0.13754561575295657,0.37090375704622375,-0.17425910874751099,0.19097446462472134,0.18700246017882882,0.086775221343191669,0.0041534798816195871,0.1785237453234714,-0.061286586595569834,0.062299867474959671,-0.10671224439582941,-0.73871938179258356,0.12113025903851575,-0.2174494336235569,0.25934082953979276
-0.025860204382109571,-0.28347060330108759,-0.1334524371052021,-0.36656345013192981,0.030827510115314486,-0.30337826854623906,0.34239955438393488,0.022963834756425838,-0.11358394077021337,-0.10136742797461094,-0.66097717235147091,-0.11292688759315264,-0.27581592776340552,0.081450446688759379,0.017113894911176215,0.014912785028653175
-0.13324449577846312,0.42963890090869661,0.65554936641839878,0.095188267641351257,0.21312364334236997,0.16849716494807376,0.012376358872388646,0.068634998768609526,0.040812877734656736,0.1001397268025781,0.025306615892661782,0.14908769549374534,0.22742139036556722,0.065877515557288713,0.42706216412218034,0.08467568892801082
-0.16546089226976565,-0.086295945845906136,-0.43774597968807066,-0.078932383505694023,-0.30665516196393228,-0.072144009509178042,0.50604871241592408,0.096782081434056033,0.17229243740104641,0.26143029108718524,0.32455682421018645,-0.15284877438508757,-0.17750608902063789,0.16285963768406067,-0.045537287934029953,0.34028509076194324
-0.1550101453589362,-0.071869165426343889,0.2710801305976,0.24515373861437789,-0.031401069134433295,-0.090548889226083923,0.50061266939256654,-0.42387525963184791,0.32544267376911035,-0.012689419269414484,-0.21368027859971375,0.32618613509958205,0.11711522290841235,0.07734475296247556,-0.28608801889093588,0.19513668005383386
0.16109049724968444,-0.10742289553516964,0.37696052554853043,-0.31570644140073595,0.073156907405266244,-0.11992102869804305,0.11030654030436549,0.29921076297083482,-0.0078762385673022701,0.5035570186592504,-0.070990227630978162,-0.094343127610094876,0.25680880123684302,0.23122296654695021,-0.39276295316556181,0.24096322573832168
-0.052246997545447191,-0.062280310033011523,0.38884993118980077,0.09118274481549736,-0.49821366693699864,-0.39576853978537013,-0.30373332528210384,-0.12341212147918458,-0.20255122817780877,-0.10390578387962232,-0.3701033707413367,-0.038157190506543821,0.34566585669815408,0.09883207654035836,0.042907147844629248,-0.013754901379756457
0.0017620116572819756,-0.23431114551666041,0.16571143137522998,0.053031703628403905,-0.003652363253013536,0.2336375423153349,-0.31101785924581654,0.26207964739442396,0.040372875382633081,0.21329308194495189,-0.24811183434848899,-0.31736891126201233,-0.20390300216680304,0.52723751336186464,0.29846964338178589,-0.2770532027932196
0.0069043411698103112,-0.012508489396249309,0.27912378018884904,-0.28016426202263506,0.24386644617867956,-0.317577226313354,-0.18967574673666046,-0.23164982223781758,-0.30595006985029127,0.14631721170683773,-0.070577538734100428,0.56362823113091376,-0.1753389374439856,-0.32671563004369303,-0.082082733444175229,0.10738965259149116
0.016138443417084675,0.29537095916262179,0.27726665391517302,0.26166321745780108,-0.50674074530487334,0.14792094264827321,-0.048704719410615667,0.014238026108296059,0.42646881932110309,0.31552692755916345,0.15655296093405396,-0.25124520851421467,-0.02912451117631585,-0.06855871490083805,-0.25101612445719057,-0.21974062335642136
-0.04265053380198941,0.19846961732884968,-0.025220281396727034,-0.018719026868896996,0.61020519260534434,-0.16157151942977516,0.037570925503148514,0.067118183413929805,-0.18500781844263281,-0.30297175204194304,0.05994274668593725,-0.024346936117202241,-0.27735886743866273,0.036859670354658813,0.21903866146594075,-0.54494213177240847
0.0062694333448330246,-0.1326684576337499,-0.16933156439401356,0.51914014273591624,0.1620316187961082,0.14456094840059994,-0.046222337577852768,8.2296063474738052e-05,-0.22547795793109934,-0.031063698157347896,-0.52952369221268847,0.42618281832798854,0.068600022992392803,-0.055577098532457181,0.33351725523583653,-0.045061611314175284
-0.0016930138445009442,0.53847507597391031,-0.18208705616629786,-0.2374754885279502,0.12605806068618017,-0.010442501330491348,-0.033416393881207471,-0.30266468067442442,0.35402849952024207,-0.065577864987104828,0.4894821022372059,0.34096993463732905,0.042763081656026304,0.096842424252134837,-0.12024951476423043,-0.024743405254739875
0.19309516218884501,0.27630085870885795,0.068498850089942956,-0.22942845800364012,0.13219056465553911,0.21619145121227229,-0.028154445293928552,-0.42134377753219543,-0.014715886350055381,0.25309816087873765,-0.47156155005180395,0.0092932700128568382,0.23804653651840843,0.058411309966312643,-0.13198167866533245,-0.47146277531162817
0.041889565831952739,-0.030000229245991057,0.035365824228391934,-0.17210837032033385,0.024013671986486261,0.11627632699607125,0.32099095894804147,0.35790535160924414,0.36230424910511566,0.33315619683200087,-0.07949135174169486,0.52098274380994047,-0.23808239542113546,-0.038658417749477751,0.11496960152305993,-0.36034693901802628
-0.045281330465086964,-0.039524352092780629,-0.5791412307741638,-0.24733048005525046,0.076064302415660506,-0.19412573414582601,-0.45827680396851211,-0.36569940298811288,-0.12968090598262685,-0.22145966086970698,-0.10035447325857322,-0.10103659174328795,0.18976805272192573,-0.19091759537543873,0.23233805542113284,0.0016994108095673133
-0.028837406264804369,-0.19137876008333135,0.29249732409291279,0.50676159821176958,0.076924979759573492,-0.54894547648564473,0.1648093983119038,0.14415388013857364,-0.032475364602499904,0.30063679023350154,0.072700324461014834,-0.11371400541684054,-0.31686301052106647,-0.090152975002913707,0.21192021788210383,0.043431075637497846
0.14074848587572492,0.38714242072087834,-0.24993484657369264,0.0030075765817535556,-0.29457312497450711,-0.12031495562492336,0.23334580976213753,0.28483303967184015,-0.10708340919170903,0.11401876088971462,-0.18030839108496316,-0.27082298602861399,0.18822351640636306,-0.11283697646297601,0.53451386201746609,-0.25848851180716004
0.11120534697758029,0.03527640139594812,-0.21637501787730398,-0.071255683071752299,0.56896101206424321,-0.22813851478251529,0.33680238450937927,0.19516552268949694,0.20660909952355178,-0.011136635444280596,-0.022227548567828683,0.096649545358271097,0.30863137606107477,-0.31932348006305972,0.17498550085294787,0.35597317741168932
0.20818053556991684,-0.092448869633187908,0.16028210234029144,-0.18744125500861608,0.38067333542980375,0.04736597451182701,-0.28087224946925304,-0.031054200077621358,0.12381077816366402,-0.50025782705640565,-0.24217966533868604,0.23087332780643174,0.17931604629718309,0.44630399697642875,-0.10838163636032051,0.19912714429946579
0.59114731991210467,0.026219377420559416,0.44589517174595655,-0.28308660924448364,-0.067239642674559993,-0.29793258756214935,0.25941126337710274,-0.13585211447554163,0.24599505398731991,-0.22959255986235758,0.10457542026313939,-0.087862388300942756,-0.026155514985894423,-0.14315215119538335,0.1216898969346302,-0.15490207465402653
0.11639764117751708,-0.1746681320600024,0.23747636696860275,0.18978538795820396,-0.31177981288574047,0.19605567608084426,0.22199008251179175,0.56966017718226913,0.23407718673126698,-0.30815229976300557,-0.2335163535074799,-0.046313883503628694,0.01841030026355547,-0.050794181646207602,0.08798011051894708,0.37014591733898178
0.028525314717453145,0.3243734512201682,-0.035241421744449816,0.12611851220411316,-0.09790185819968529,-0.27002791255431352,0.23028264511186677,-0.17990458789979324,-0.33606621985269058,-0.49621460986726973,0.060336859843071786,0.11578429479615902,-0.19001002027693562,0.10229831628095376,0.28426851415721888,0.45313508432083716
0.12244068379523412,0.27571118482628176,0.14201138351145298,-0.016392135570989643,-0.023692477028881307,0.037139153931079756,0.20102833600210657,0.48715351713232746,-0.33792483072135271,-7.3890066228186603e-05,0.56124754221567208,0.068597221135721656,-0.083641686113937103,-0.37400584549711297,-0.16729726145206469,0.011038030872845068
-0.065211492926120121,-0.49061029405355755,0.050184294558425352,-0.5060807352839487,-0.36593613703814454,0.097824848617178856,-0.20941426363065083,-0.34699364504251673,0.27691715726913618,0.064473562468275986,0.085976428930982521,0.12559138268855341,-0.11001409059677715,0.14700594932452116,-0.20048820678745027,-0.10373273972918046
0.16936039568003125,0.30334332005196718,0.1050492195544681,-0.15348854496320616,-0.34472599937194087,0.3418796440381166,-0.43085735318189061,0.071659802829348557,-0.060322430141471838,-0.36895331973534523,-0.095375019351788271,0.26492711440683203,-0.29271086297863608,-0.16250351706698685,0.18823090513586543,-0.22726391884475397
0.13933051643572977,-0.11184267392589739,-0.020000092398330477,0.11643316197821778,-0.092252405458517525,-0.38933190033319109,-0.28381390422349106,-0.045449633151850799,0.21771955009083016,-0.2065627385318449,0.24453285588853182,-0.11336970575894256,-0.01774645387152354,-0.24158512789306985,-0.50302236342777851,0.48681302188162817
0.30553582387175371,0.25365051622965573,-0.158592576197924,-0.1978184964185255,-0.23702571105467488,-0.37784008207842806,-0.20905576936976478,-0.093855028720362194,-0.34493095419666714,0.20137611880185502,0.1274589250838575,-0.18749697623124495,-0.38822067752106071,0.28882443834846938,-0.22490344492517222,-0.17584398909436985
0.06542286024932624,0.25353299122251183,0.013539760791031988,0.36530300863240139,0.033157169717702883,0.15668516933845672,0.056656215616474992,-0.10627468621917364,0.031290925388787298,-0.57551600732709529,0.051693867089668326,-0.1251738660989736,0.52540426235613569,-0.27702215176352651,-0.1277886764282781,-0.19493069523266454
-0.035793235101589986,-0.11771865465486236,-0.46892421455134464,0.17988523238340295,-0.15251235954121289,0.41445371940161629,-0.029280621080761959,-0.074845137499569725,-0.22023797905304671,0.14499866631918285,0.37870102799165006,0.080160989014316772,0.049243455524536225,0.068556619755033438,-0.0020231494362036814,-0.55192647839802567
0.0038983578375164302,-0.42837799497464618,0.19690977865149797,-0.40214884062738815,0.099993280876746735,0.22543635086899283,-0.003895171734681306,0.25659268455353773,-0.29408300975091045,-0.12972468410611457,-0.062465578184027232,0.050103738062637293,0.4226943209455285,-0.24780742713711126,0.25042926888416572,-0.27710158914053035
0.088454727446065806,-0.078232522961808645,-0.33989699913424287,0.30029082220557629,-0.27950444718507039,-0.33974033073087284,-0.026620135396032998,0.00017224454016363756,0.45834636251673666,-0.38312564963575663,-0.068861501382008708,0.1004391072633808,-0.16106190754130889,0.30385040828471244,0.067609200015519566,-0.30259281442245911
0.24823098298646459,0.061744422556283513,-0.35241351806418841,-0.39681988507914417,0.11327765118459342,0.2300702241039049,-0.05524191412167756,0.38995522726515325,0.32938992994309085,-0.16232439515038599,-0.006568943439358709,-0.38681070886886798,-0.029402917100842162,-0.061789758305089787,-0.317448666042287,-0.20508057386288853
0.19406902361005574,-0.10968871910841142,0.082341284996300584,0.065305562275065579,0.18664657322666317,0.69402568532952946,-0.15903368039061463,-0.062138831538621798,0.17131124999413194,0.18534249815989826,0.085362185103810037,0.26218503977431784,0.12295427656060602,-0.32527100656615932,-0.24893309557979934,0.26643085891209195
0.24573627812349588,-0.35436393069058825,0.28092380711025938,0.24801417657421593,-0.0052992828438117581,0.043359121759074616,-0.01949953188042992,0.13796677631031509,-0.16762302686175914,-0.15460111794259085,-0.17458007545773332,0.10296042280157956,-0.21700920154608744,-0.046480104363864516,-0.5818390771152655,-0.4140282219603284
0.39317433285097847,0.13902378336225846,0.20762479270950332,0.058056747692543029,0.28619498522817793,0.059477855648682583,-0.2520968077884953,0.087757232450609929,-0.39256165549913075,-0.049353466412088751,-0.33009253729374932,-0.45828916209686549,-0.067963822175523325,-0.28465186163079181,0.036112102414627291,0.24582121396800574
0.21611786250887929,0.20360719455753742,-0.35629854163503738,0.19141612820272103,-0.0068837088494776511,-0.00090637441297647945,0.25888020138985324,-0.30310863116605924,0.071968227277182037,0.017666399663170591,-0.10648226711625786,0.0066374643622873139,-0.44734583099917641,-0.58771412937238654,-0.12767305276537055,-0.10298413306883863
0.56334473500948756,0.28226102047756413,-0.06871480231261308,0.3996056492804288,0.23122263009883853,0.21551577613372649,0.36323460373086125,0.092639693041747129,0.040970453621331879,0.087375697843830105,0.057037731225489878,-0.034797303814608528,-0.051623627249590208,0.41920815635977526,-0.075530646219878345,0.015810781401241019
0.12944862001093485,-0.19229132687728409,-0.088809954490750395,-0.27044387590781416,0.34077571817733376,0.10274932983805056,0.34138094691967003,-0.43516848441172595,-0.37858966864283056,-0.15262981605018669,0.2731345387151477,-0.19917682664271916,0.064084929701872448,0.014335213154441324,-0.37289774360562444,0.091525627708783322
0.32373408637324652,0.17986409718593102,-0.063505421693061129,-0.070381051556282992,-0.16444689706714202,-0.085849221806315157,-0.21236795556264187,-0.17896466039574341,0.39345314149686084,0.33334603325850709,-0.34108311585933104,0.11892579369950235,-0.16140415154368157,0.099001491096857047,0.30150549042860675,0.46813801692767715
0.44132967646605442,0.072353813684426838,0.0037349088127908805,0.17414058769915808,0.17271239435802757,-0.22818824148953093,-0.54131542983333758,0.27608526377541376,0.12231606434156544,0.21557544570121917,0.14760985054888628,0.18582672668131292,0.32635571435801342,-0.07414603832876078,0.053452651155835536,-0.29307359211650047
0.45594881489602346,-0.0080977264552380326,-0.35567969935151172,-0.18816841765782674,-0.37265781935664977,-0.042067866261391786,0.18286189067790992,0.049677235609327047,-0.15939360575213868,-0.095798031661959188,-0.118074195307804,0.46837503692895849,0.32979319488710457,-0.043771497641387921,-0.25942632684748868,0.087738582647859928
