0.27879233488110372,-0.074718663973563068,0.14096860381300622,-0.43822193195581993,-0.31671764960044313,0.24407069816526733,-0.38377309411161109,0.16477825804349783,-0.39201926428216738,-0.028242100792096755,0.071983756225596607,0.17255563349828013,-0.42434299629079536,0.031085412325363805
0.11654242245416707,0.55824931218135143,-0.34765697499106463,-0.29627857697423865,0.43733182500910317,-0.19063943808388867,-0.23841344278832838,-0.08116152496691928,-0.30339587627214948,0.067997178503372335,0.059190540240075182,0.029683076931811426,0.18409444689287269,0.20037583167054523
0.11819998628045823,0.27120853486582924,-0.17099728943481945,0.21880576843995808,0.033888050851866684,-0.42364535991230257,-0.38411913199773129,-0.028152502790273197,0.04042787805990912,-0.42885133274699017,0.016551581829883092,0.17364493715884752,-0.52001837125742567,-0.14142591766104995
-0.02267719043411193,-0.10040837034989082,0.30592781589396761,-0.30403318736797785,-0.29211968999047777,-0.49125101071045008,-0.051879033298891326,0.051082497072877577,0.046642565680443955,-0.41722999103020303,0.21730264222180343,0.22103569675272969,0.15128718477200498,0.41975248427068379
-0.013602401933590315,0.17326679529970732,-0.35820920111689958,-0.2856806218492503,-0.36429567737130547,-0.47221513642606566,0.064630115439295713,-0.52340834719789064,0.12850926847175706,0.080414427263350699,-0.0050922058151489334,-0.30221631403528937,-0.074932961488328759,-0.077960410093865187
-0.06755764979573331,0.060655954053859373,-0.16821567617379313,-0.12837712514835589,0.094287577043041013,-0.20599067640211077,-0.21266807502815452,0.90891059623568271,0.011072798635578793,-0.037464444889049903,0.12360694797065391,0.044898103965898974,-0.033075578599043511,0.0663055688348691
-0.35184641344913364,0.27758133417885655,0.18056581701976976,-0.29365779353007965,-0.16238672330433776,0.33950836631189213,-0.43284744583159745,-0.46740437349868152,0.13071938642078665,-0.0012596674020248619,0.17043195910843872,0.066559249688947442,0.11667115171879922,0.26206137268833674
0.10862161053263709,-0.27276639116723345,0.28820298624321788,0.2131670208814451,-0.26020188852508075,-0.2927806939144898,-0.43003539619715914,-0.39591449193425005,0.029908527532998309,0.22224044638349855,0.18095232604153053,0.3132842479185623,0.088768004970275302,-0.31802288919003613
-0.030432511685878429,-0.079156012823141067,-0.25951712194954474,-0.20855417872712706,-0.078383746206964783,0.081889152304726112,-0.1638879146997822,-0.10284674283021775,-0.034687447587083337,0.88474643873659986,-0.032379117549384738,0.14472183967388999,-0.073527287726134621,0.14247490915042274
0.07170435071982359,-0.1436826441543215,-0.29651583840308016,0.14987752624634421,-0.41963088844179719,-0.41549560117085854,-0.06826150844874973,0.18104587364353686,-0.43831489888325675,0.081166530473164411,-0.47803956582332541,0.19825575599906883,0.028492734383057688,0.10157748810243575
-0.038365562493505964,-0.036664944266440021,-0.10040396979639424,-0.06005841990992155,0.042555312387237434,-0.098071585718738349,-0.070184542673277089,-0.22903607113023028,-0.26329610565553963,-0.088754596089280519,0.89073155753550648,-0.09254280215327329,-0.18844381847076094,0.0018010987083472622
0.15641348262108321,-0.36994292299557818,0.23357460847472727,-0.40233364679843286,0.10086316067450013,-0.3802713505617159,-0.38418243104332706,0.10968801299160916,0.18251201643984125,0.20380687297878664,-0.29521410330862347,-0.3817474665384662,0.0036326275620054186,0.0098360943320829723
0.086178003095613742,-0.31756451735128066,-0.0031614271969102135,-0.056929844341510674,0.85707610470047035,0.087917411560681127,0.27588420592524754,0.0049913558799199974,-0.094940301208097252,0.064912156189569331,-0.063969399469813462,-0.19360010934134619,0.12332749097749339,0.0043809628699208155
0.16432545724633418,-0.40992612717048854,-0.17595179271817291,-0.29685455645867764,0.13354904669756912,0.077402492580298118,-0.27451562974212801,-0.45935509168162642,-0.060331745279702795,-0.59815303313893475,-0.04284324750229053,-0.041789135069732246,0.060676048742684223,-0.083625350555317113
0.93766240043327309,0.027017375986571137,-0.075885013090684392,-0.10308205702505471,-0.08101592319705074,-0.25450456512963876,0.033789694129744079,-0.050120578950312036,0.066289560429080324,-0.038356550500318984,0.0051845601132012873,0.11471726398258059,0.098119677222286206,0.0022219369125087967
-0.39545667022715042,-0.34219614517015634,-0.30533682700573889,-0.32548945721239891,0.080558763239817643,0.2153444985358223,0.045240833302266609,0.15038234343831694,0.13172022451260812,-0.079642290439124824,-0.30069825344107021,0.20210776973781708,0.24349941290617444,0.48535063578028859
-0.34776584814849332,-0.3370625189576727,-0.26437220898126468,0.17619789562734853,-0.38662777125260678,0.18561932309837839,0.023731821200469315,-0.36859212695385002,-0.023973947449696255,-0.060535227560421928,0.0041822000971749535,0.24422716627704577,-0.52387451015699515,0.076172974206753549
-0.39190678947189306,-0.42391214097478874,-0.22153022429261912,0.27791377487244673,0.077023295397677119,-0.46529365733095113,0.093281876881374737,0.11213545374292563,0.0049022452009452929,-0.28487571261637784,0.060145069923968696,-0.45010081310723354,-0.094558849893242217,0.019012188150105632
-0.12203498974267581,-0.38034408103840012,-0.35811989048343101,0.23263367300975651,0.14088699554035719,0.33615241742882712,-0.3049300201837028,0.19355999971042617,-0.4638427417282856,0.098187205474266723,0.13974729580073419,0.15889651147627673,0.12426102979190708,-0.33132030970975163
-0.36406592969606416,-0.32593012599990684,0.055971377948953759,-0.32892025212014991,-0.52729802982789786,0.082421337340784717,0.007724923461334408,0.22886052464779291,0.24749907833147525,0.18181824279448763,0.34858799401953988,-0.17332041257638611,0.060868795194163598,-0.25111489142533122
-0.35935534794323115,-0.32680803077759318,0.26418045233426185,-0.35649532123685068,-0.0223635109546628,-0.13787494537817388,0.14850052484778978,-0.33959879137497939,-0.61320453580797341,0.14379106756255122,-0.06682392637976925,-0.069118788541384465,0.03379514245535941,0.056657018363438005
-0.30607290671112841,-0.22569315101980303,0.28392396460921504,0.21510728012355154,-0.28964069607408144,0.14508645860040326,-0.52407561490487953,0.24741895176178777,0.079397408327752939,-0.40675198969064125,-0.33493411731174072,0.0088346862315130687,0.029654725916881439,-0.052871255351114983
-0.27923876513233326,-0.24466849942595226,0.30438903274738455,0.14876488130673068,0.40531938432880127,-0.11014625047960534,-0.3750536254071285,0.055674356409690567,-0.0047259588609298055,0.15540547548863645,0.15233185548007358,0.24652003257219743,-0.3553204020026367,0.43908496141083098
-0.14101333651044515,-0.31658096118435108,0.13370316691836834,0.11899430628016265,-0.068673000820754365,0.31103500744176371,0.2358552355673692,0.44762996190345183,-0.19885660078094036,0.29039416736813256,-0.33843217522219321,-0.30905276977162005,-0.37943295865178078,0.11182342500780133
-0.30552612844702665,-0.37307361894808999,0.3303927450140377,0.31910653299503361,0.074619437689541865,0.27579358141756877,0.24547101018018858,-0.20702320082643216,0.10522397519362617,-0.26500607129734033,0.33780320498002875,0.20649142225601694,0.35680169795741923,0.079870298398087264
-0.42276327105629624,0.28691495937054706,-0.32593646346264032,-0.25535295838867694,-0.31295856276920336,0.1009690803689488,0.06051520717320067,0.11562907648936289,-0.39343859033442358,-0.51890520667592221,0.044436779237813716,-0.072538770757464954,0.030175876089022103,-0.10068613779059224
-0.22196718702584151,0.039277550215121811,-0.41257319691896338,-0.35004166882057053,0.29215259378486191,0.2473770694210399,-0.21371495596677581,0.03567967075097795,0.21551144198809574,0.017188722431919407,0.058464889134715918,-0.379687426030551,-0.51238745546031705,-0.07800084807230219
-0.52728697293249682,0.25954837498383021,-0.31273992130093792,0.29217843304067709,-0.071102941242567497,-0.34205239327429238,-0.024243511585640639,0.0061756750227038989,0.14688844932444031,0.17046400512906348,0.29329319642770435,0.41634341006401865,0.18324097699537958,0.07192395902057995
-0.35469186059288971,-0.0066133815018978121,-0.19176371255137728,0.23730804051014989,0.32850732537382932,-0.13466476487869414,-0.32018852178386886,-0.44815213358003408,0.0061094975311073441,0.13605147638287787,-0.56420347448847197,-0.021403093655212528,0.033448399678377691,-0.11488714011353848
-0.22869324467428959,0.15185678325956581,-0.38980793631848165,0.28360028313182573,0.044614814859474133,0.32150131597911985,0.30368850085610699,-0.28484662863925259,-0.21664906165917097,0.18618395669108256,0.10575176084013024,-0.41764531060430993,0.12597073104971387,0.36119348971118587
-0.32435078026369712,0.024643445290157263,-0.20765634912008124,0.2678909635831096,0.27035493017233941,0.20772049568204659,0.3325349364845912,0.30507346096464255,0.2650127438303721,-0.30315343985722731,-0.24922295980029016,0.26378174815720701,-0.17359447915102433,-0.36803797501151303
-0.1466926106319407,-0.082729719176466668,-0.10944895769232175,-0.0060593929687262791,-0.15540144834894201,-0.16567625620238677,-0.24010552537215454,-0.086080288226823801,-0.12040073213861997,-0.02552321996506466,0.0012237142428824098,-0.26114998752972685,0.87149604966276006,-0.01042211668630515
-0.47151364227098852,0.26911165509627405,0.19299800511185236,-0.37860453345296935,-0.18114662633190162,-0.23760347613553925,0.00084393192842129527,0.13474322796438737,0.13756103873462655,0.13002141080617882,-0.40047353546871833,0.23344058147221589,-0.40808597580363531,0.0013746732799130934
-0.27907690095185794,0.32344432194381079,0.13602248476083606,0.20273997427034329,-0.19242186453410592,-0.23057887327662133,-0.44186181424578291,0.11482853200525041,-0.34356724461309307,0.32160209801329842,0.075219483607065207,-0.4532391247047986,-0.14334665575543296,-0.078585592924338865
-0.39857465056366875,0.12065918448627333,0.30516082258904575,-0.23673248827357102,0.42941921579409426,-0.22683413482434303,-0.27804294046939521,0.036545048968652107,0.062362411537618852,-0.22565765452632744,0.19693034701053386,0.034288166799305783,0.16551798803817808,-0.49066517481533367
-0.12141217207510596,0.17329503201199559,0.31890106141925301,0.23904971320143872,0.29345016675579394,0.44832244989641662,-0.064574493472608102,-0.26287670666709173,-0.40116490018528111,-0.29228224646935896,-0.020818515880858299,-0.13234384531495175,-0.38248583109445039,-0.15937161825230323
-0.24611170891403344,0.27054022243886106,0.14419999389639349,-0.31958652924825542,0.23304932043539475,0.43905944618214415,0.3560743378897398,0.25473868467088345,-0.18938211189295387,0.20611412103384449,0.32863848497022119,0.33012451400010984,-0.043618145767053959,0.085471082073203405
-0.31767856544475115,0.016481585648841605,0.24548931826454123,-0.22121803218658334,0.0079085901239954043,0.20220323567904308,0.30210150309807893,-0.21045575597931962,0.28469050554536457,-0.259723010161799,-0.36788648347781944,-0.53728385005797064,0.16746195249425838,-0.11197318331654149
-0.32116794552899403,0.21009828755557231,0.15992204786759248,0.23392736557005214,-0.4353129955169176,0.34859128897322,0.16618810199562675,-0.12320654233316299,-0.19152304415060761,0.29821914462234977,-0.27930887314819652,0.18328056874127444,0.26113579020528555,-0.33643470296342176
-0.28904694842106815,0.32151426243965564,0.19935625294813891,0.25947466415482862,-0.22420823201569204,0.13455800463817968,0.13881476730499709,0.23758845190129971,0.33020354080563091,-0.25436380727028951,0.32432185554490073,-0.20136950590964833,-0.36793547658340447,0.32721742019841876
-0.31148730399608138,0.0033452258249282159,0.22221752567203276,0.21151488781870417,0.18882597757189093,-0.12968444103105373,0.36498189222504868,-0.27873251284574696,0.22448777505186826,0.44831701782155742,0.19063738451436005,-0.15569237678110767,-0.35266803492694632,-0.33034529203556318
-0.34847568767225717,0.30646250199670666,0.32206672641164757,0.27040791202654624,0.25312088332788862,-0.1698943000834407,0.2004764657797283,0.27040034848847144,-0.30106620324107009,-0.15604943377041747,-0.32179524321952918,0.0027054116566976147,0.28434498282387638,0.31961343318034152
-0.21659657795734144,0.12415034080752248,0.16117425748545477,0.25280711134531558,0.28092340411479938,0.34453331195453901,-0.21553979746102639,0.28057667468144726,0.49509093979739277,0.38083064668495736,-0.023649775700510866,-0.15256541671651544,0.33308492128436323,0.0073551751589008901
0.19808217302007697,-0.52600850653983133,-0.33828182555592839,0.25982206612519876,-0.1357300908300513,0.11408804140341101,0.27842681819083925,-0.16854757467868794,0.34512547880222016,0.23364703019005292,-0.22916079040211465,-0.13164511531878292,0.23043543576051942,-0.26099762897805734
0.26771308598485738,-0.16416750227630189,-0.21904677378174514,0.22347926230384152,0.11331146032159996,0.15458389678516563,0.3024862815799545,0.24276120405564286,-0.3565755892966625,-0.4405130227152384,0.13602624183248962,0.21823219110210684,-0.20165956249792594,0.43392944492108487
0.26052089720318039,-0.19045833699140741,0.21089284373654962,0.24484736667875179,-0.6254898776572041,0.065609167734141341,0.14683038230255627,-0.16909408077657717,-0.29929057777633411,-0.2586769933481543,0.10860734756039508,-0.42069066429303842,0.021346500230249806,-0.0037201271608482524
0.19194083560512534,-0.3065237720847811,0.23587187899664755,-0.29375681834707201,-0.089477070524874067,0.15682897677640772,0.30870695052834263,0.41117523294090341,-0.23378680230408419,-0.26496297048127149,-0.20694035837939703,0.15175708839967425,0.39037131451024476,-0.29529784946106913
0.25757071406301318,-0.34488124390630681,0.19786843393387485,-0.3474388877677933,-0.039938330253527617,0.25183418066880842,0.30124739367596975,-0.25881001617357569,0.27278926095140754,0.11670379894208815,0.22014700260160672,-0.15223629990438281,-0.24172871642478008,0.46259408972412341
0.17604022136096842,-0.14267923025798401,0.17214423053507719,0.15270794623764042,-0.34307027808307494,0.16728343840179577,0.090241512814356731,0.34050285700296773,0.38184696089470577,0.17974489899424881,-0.037479514517448805,0.64083732838665397,-0.059764238991693433,0.17935479935693349
0.13952982079411774,-0.22099942152329691,0.094665168752182685,0.15590548254524422,-0.067822351169070413,-0.32610471465522989,0.48550477864126074,0.28843205120729121,-0.16196176159239817,0.41825830484385329,0.36085792634224945,-0.058893895489804053,0.29581339859994299,0.21495686575953502
0.17290651582291761,-0.36670182206415802,0.43341278518759402,0.21558241129555225,0.087596316517274925,-0.27803028284704412,0.29199257869202488,-0.21529829687466484,0.055028951502862411,-0.24808308766076023,-0.4607524613066229,0.1590601111305856,-0.28679162551124371,0.017547839120947869
0.35030191844833308,-0.20757950318825799,0.26794430782862438,0.18518273125345985,0.060965458582327429,0.41244221136731807,-0.22238134686197641,-0.16159121568095688,-0.27825146364737602,0.1595328435731215,-0.33939566056757153,0.098330634311553783,0.30505301452091388,0.39740620973410551
0.3594167377693096,-0.37075109199826728,0.28312708337596604,0.25068901360251972,0.14915728967140712,0.15214254826768889,-0.093863334722875294,0.31501621397193208,0.26628670990888714,-0.14207158835973757,0.3380810656649445,-0.15561461047457048,-0.26704994405466775,-0.36877253438712426
0.22213702780515163,0.12458901898728858,-0.3103245206409152,-0.33065087274375399,0.058119796012304221,0.300888711398688,0.39420367415639196,-0.26359421138690337,-0.23700658588919696,0.02559905974173048,-0.53423520119858248,0.12169325726339467,-0.22493657656712107,-0.05541336465498356
0.096858051821361313,0.1535106954731911,-0.38468625635029635,-0.21734252275918889,0.15192789628237785,0.054015774081183382,0.35246970367758856,0.13000530957406661,0.4836479868279781,-0.22350934053051258,0.41042754980019924,-0.12971081063397083,0.36736251861423752,0.024350472728989506
0.090380736110452747,0.2716983045226577,-0.20214901856401021,0.30279125325060591,-0.29890528770752106,0.052833893798988771,0.10277631521258154,-0.3252158868610881,0.26419548319195485,-0.45553486698434964,-0.32850791585935746,0.19636686947590834,0.2720210804945033,0.28145393033013122
0.23132375099055794,0.260118973447237,-0.45441913868345868,0.19620446806433928,-0.3683746254285184,0.088593831226974673,0.26846415406358365,0.2651032752015054,-0.075260994072909829,0.23469924941576967,0.23763590993165837,-0.034828575854352249,-0.34545043239057449,-0.33191143898693626
0.103763366455685,0.1375211302392072,-0.17804074672415093,0.33400595511650127,0.16238794820642308,-0.31731224983156719,0.37446447497790625,-0.31575079757099528,-0.40595903200797784,-0.20808068809400393,0.049913322236069126,0.094157357220687521,0.22976200916387965,-0.43340011678828161
0.32046102290295581,0.17366079160305004,-0.32180433789954593,0.26274829209495276,0.14548674017856686,0.12781447040297861,-0.14180176542540388,0.26534284588329193,-0.13500373597962601,-0.28074630197012584,-0.40431113447310296,-0.52041322090062048,0.1029754108838155,-0.15680760321646972
0.19457260016494896,0.26038799571744869,0.22843689579531384,-0.29922649022104003,0.135176208698705,-0.3488197992205751,0.39321100421192506,0.20574295036202553,-0.26412923029262342,-0.17626665571296876,0.061314785960054338,-0.41485211242093689,-0.36387166039874319,-0.08141390757882086
0.31545140749804501,0.17035632896551098,0.10905917012082374,-0.32498969328229432,0.071782673751261933,0.35055372688847369,-0.053095337898199896,-0.15162013286392442,-0.15976808826591651,0.30461864372511493,0.20433078226610502,-0.39194909282737861,0.21165882397884625,-0.49154399826301598
0.05865427454580837,0.23847628900194992,0.22271838881481376,0.25677230119775651,-0.30515014801403484,-0.48571828161594927,0.13419324693234666,0.28317665133866532,0.40707529668874398,-0.043523452873233635,-0.14949592614558568,-0.12353248355596338,0.20669164913237656,-0.38598212730023101
0.30976277273562874,0.20999071331584343,0.18184769354418578,0.1568125583325706,-0.29056008964986946,0.24762584508905361,-0.24606044912042696,-0.24181129116562736,0.37905694750400226,0.21752314637642853,-0.35724960925761162,-0.20589439841670934,-0.41018287312492985,-0.090883046606505286
0.12718709708695478,0.20675307371474652,0.25779339808835644,-0.24543945912468607,-0.28368153063676471,0.123378373435691,0.29900508788072211,-0.29699326643505525,0.22805845395497362,-0.35750585257246342,0.23354941284382735,0.2960085382825155,-0.20726337165823105,-0.41967438170262256
0.16488613736289859,0.42935417754941724,0.25694409315109629,0.17767351541969531,-0.21710275204932292,-0.16454839413093053,0.16982860466380256,-0.340794698760158,-0.32046309865863398,0.22145606944143362,0.095827122115772337,0.30740046155799072,-0.28172963286175234,0.36999728484168509
0.27121767564855453,0.2312201913651305,0.2477411842657159,0.16770518325819411,0.35501445366611334,-0.092448813337494815,-0.10765835415034264,0.26680682426161789,-0.21284074958845708,0.38930843276062843,-0.29357381670259669,0.30797416750114071,-0.16529721165647079,-0.40112359961845467
0.1417805408138946,0.19110831225278049,-0.31492590108640961,0.20556474710633874,0.26338896614488921,-0.34096801837783824,0.25825068512790644,0.1431276428770801,0.39049891890927368,0.24271263244650987,-0.29126865720601569,-0.073557073257499356,-0.25927482441109839,0.40032298378912889
0.25769301716627391,0.097735262661717781,-0.25454408670019851,0.24728531669612325,0.40469574799000119,0.33923512120035959,-0.10819258921657654,-0.40284944144031942,0.28696178078604256,0.099231327549526349,0.23754733422594509,0.42765511505372139,-0.11271607102065366,-0.032101660183513535
0.18456146859629943,0.43347528854327899,0.042296306687906612,-0.33186502765953807,-0.43556496653816285,0.1566931291224849,0.13157132511840708,0.29291265251261239,0.00021914294193140738,0.18945911159962933,-0.19497198273223212,-0.24394513259046674,0.24784637717459135,0.39228627374480268
0.20350515385200077,0.21306033737018776,0.34723773062420815,0.30593621598301723,0.31918339159015857,-0.2883850820477869,-0.16064268538109422,-0.40437131049080899,0.21748369370598411,-0.13653794371887087,0.16555468382450225,-0.40331856401647503,0.14356826018816385,0.2191480850797802
0.024818354581516346,0.15366302523749878,0.2858042474648182,-0.26252026510802556,0.2026617455984282,-0.20009336149128235,0.28633682796747012,-0.32053777481473461,0.29535309138544813,0.28106005147634588,-0.17237128291559381,0.36734327540855327,0.47592317620500202,0.044095056141632491
0.25217522444616808,0.26107310972914372,0.30543049219073887,-0.29224682919521883,0.38766621909997917,0.23832486954410623,-0.14501442336800235,0.18830526051705923,0.33494775435255764,-0.40384461254440907,-0.2403608187157521,0.16212631004921566,-0.09936080245247271,0.23826308137195115
0.24724724068558629,0.45781862983008392,0.21482815480631656,0.29123654174451269,-0.11443730701015409,0.22606178501738267,-0.29247044314598192,0.21997117922617646,-0.15556637798092618,-0.22842486054739622,0.37855253753899487,0.24188050703034797,0.33841672439362597,-0.086383097547792997
0.0048280221559022889,-0.43338178010969786,-0.28678606120770717,-0.36649256411114994,0.15047817025945787,-0.44119145010621696,0.21365935194180524,0.042308332052339234,0.045234904355586553,0.066163790681558352,0.1360504957996829,0.44201378426024296,-0.19304117122559034,-0.27071263172144638
0.22367515666000443,-0.22682147305455824,-0.40073859168184678,0.2360717656347594,-0.22183737593310923,0.059111354945755236,-0.51101901441814013,0.058616219682991223,0.25805937217772751,0.0045905768542601529,0.23294323801891612,-0.19316096418258066,0.0050067706680294267,0.45464644216179212
0.082721070324718246,0.18767429228245963,-0.40730567479751195,-0.30842391613950199,-0.18444013402809487,0.10211856297938098,-0.40708311760961491,0.083205041121525311,0.30144271534854966,-0.0073971882938767145,-0.23309000149052778,0.30621841005706896,0.20710859489758757,-0.44486985709407822
