-0.12832621417245396,-0.36321390820134258,0.28308795729656505,-0.22166351520812747,0.26949259361910849,0.13106495545718549,-0.21688541061166433,-0.2219881519062753,0.29593486037369832,0.27345971253902124,0.58827416638426089,-0.075867796181101066,-0.14843233919266502
0.36923990998145817,0.079254994553425981,0.14518259985366408,-0.32229101511480351,0.23651583752800451,-0.070056452849513312,-0.054563250451217182,-0.094709581999036327,0.3349101343421601,-0.37800927131689094,-0.12765463048550188,-0.006528924162951341,-0.62309085128882402
0.25222927792608457,-0.48005212440391631,-0.36263047826965844,0.073855438823171818,-0.19322579242482837,0.010567263975824776,-0.039526337468295918,-0.038091878699972929,-0.11264375703461334,0.57327520619303407,0.061830108008245892,-0.33026591987239001,0.27254732612086585
0.27753500606424553,-0.28030819501695353,-0.18757297937484588,0.39656007829581835,-0.19987345230177836,0.024369636078084917,-0.17638352938910215,0.16093798370166323,0.32745052555854698,0.21578664387102592,0.26278869552287121,0.25883214872105914,-0.51435683695517254
0.42372761044773138,-0.27079541874751267,0.66290127459885728,-0.00068904343972123899,-0.086169354377434296,-0.19528634800429451,-0.0051768551444781015,0.02269290514333171,0.34834546531417548,0.30009420409448634,-0.1858689080686258,0.12480264327579192,0.0076452775589668977
-0.031056892063078174,-0.26892229048540855,0.078385516690516271,0.03738030157519618,0.40810561683247232,-0.21800474885307125,0.2833858360898171,-0.3023026855007252,0.11168204994453768,0.047101990481880913,-0.20510421795240025,0.30191570068972479,0.62087975958376296
-0.38770821630710622,-0.19688231953085933,-0.1808358522675742,-0.18590973074347603,0.16741703852445919,0.68152009979940653,0.12925082288081935,-0.33564451885745628,-0.050454504046814591,0.13412349565173723,-0.067292791925221987,-0.14337154834349081,0.2760000698485256
0.45810843965193643,0.38574476733078039,-0.081728021792443067,0.47551455606100268,0.23303669968645419,-0.21171856536592032,-0.18789799824772274,-0.23318207419572098,0.4314693718894273,-0.008368270805614508,-0.14548696537515768,0.057239304261398387,0.095157951586714279
-0.057424131463427709,0.35583674095332007,0.28663144319205958,-0.29265528624043452,-0.12142536287863082,0.078258975455530386,0.26544049682056386,-0.2085321196559097,-0.15558653355003552,0.65704483431910121,-0.10372315350084121,0.17126743534409186,0.26731813096651924
0.052272684999732935,-0.28222904730797188,0.39957569522184605,0.21916334261260803,-0.035800021346332762,0.27768504629864221,-0.14659115069789985,0.095934892777241154,-0.037680015461572985,-0.26058605698749993,-0.33183295883442804,-0.36293592621560589,0.53821691997905474
-0.19773820676199094,0.080168518250617007,-0.32851904603931986,0.2178619091658294,-0.074494913571612392,-0.19232539545132796,-0.39156697449563244,-0.32067956713146201,-0.55208822789813305,0.13863870611235379,-0.29180505812939295,0.12482812962990249,0.27501099778780586
0.24075194891648266,0.31650132817474574,-0.46656171331451624,0.095848538030947172,-0.22897419809017733,0.19669052956724423,0.34335397102892889,-0.36065567390848463,-0.069219519250480852,-0.080609108476565439,0.14961942733758032,0.22128316549623187,0.43963216311272935
0.14957589164333265,0.19707216139537206,0.41677260037331443,-0.12655370567633142,-0.26335179653061486,-0.22072633327938943,0.09324965745641639,-0.14187570386352366,0.030869043869811864,-0.63870335411860479,-0.058537247657806331,0.32416499635602319,0.29115537336736991
-0.23644905449348508,-0.11237517374702903,-0.45014327509204899,-0.044339410006615121,0.11916453140492385,-0.070557206872949696,0.62783611173833642,0.095159051057579422,-0.39345331482097073,0.24354304343819974,-0.21379116692578834,0.20045218438799817,-0.066710674890987059
-0.088723391648138708,-0.32053901233799198,-0.19226721356991958,0.21273502022140078,-0.18655308457587103,0.086824965585437439,-0.16208628254627622,0.73905878698357719,-0.30982779201336086,-0.00038905746406078014,-0.26787173518173202,-0.088611649637483275,-0.12937869395681018
0.081746011325550316,-0.24652789974529743,-0.51131680839277405,-0.16910530008705632,-0.051958428028675445,0.22850916986405517,0.26507576215956574,-0.10151300984398616,-0.12311852245082686,-0.18759059649525772,0.52563236457491458,-0.24755153613754269,-0.34510054362925086
0.056219908970924944,0.64637077315260216,-0.17816576045420732,-0.051778740988683299,0.28016761934049028,0.41602737740797946,-0.095933785934474436,-0.12752106950344874,0.073663452563792434,0.26867839171174218,0.36269281265983128,-0.18183268407627204,-0.1592447717571841
0.11637669099988325,-0.1794888489195787,-0.28801670085344361,0.020953459653505008,0.093602706687975643,-0.35228832338209426,0.16951333113630826,0.21046114850956071,-0.43289794392361114,-0.47067044291923132,0.13826442787093093,-0.19483881993816152,0.44602673019390832
-0.011367011435376367,-0.054845933924001354,0.15329665980409951,0.24111240611234472,-0.25864086822935034,0.13860214835317286,0.59082848315830228,0.37731903071150241,0.13198428507588619,0.24205350308866749,0.41146742361574079,-0.040740880327833337,0.3011628209267348
-0.36974249216301447,0.15826936809543182,-0.12364717999324304,-0.59070476555884643,0.19904976085585541,0.14398227825010651,0.13080847770172008,0.41969088739091182,-0.0048821973184503351,-0.048509500064030264,-0.11471340679006668,-0.38742787683128282,-0.23405344689315852
-0.1173940945068974,-0.10389163593048807,0.23702359239286622,-0.061095169907691309,-0.23798039109285085,-0.17466386645893703,0.38691749708575318,-0.050139482177908992,-0.041062777884438864,0.42836484893056398,0.083681850992836732,-0.29352961883857526,-0.63071880942180625
0.26022719090012947,-0.16203191698375335,-0.15217048869340935,0.25389894789316042,0.30740096883683021,-0.19309895000624927,-0.067786807221832002,0.11480189973685728,-0.2478499997424313,-0.32643289921246882,-0.25504679522869311,0.63838188206492263,-0.16817101684515434
-0.12736333059371041,-0.032574309668769008,-0.46601409209413241,0.018289199154371692,0.76397528859483543,-0.33969624309689311,-0.045385197263789985,-0.047882513872687854,0.088770806032155272,0.0088942987017283145,0.13120573824556056,-0.14094700130688792,-0.129495828626046
0.37711030836858445,-0.17342223726681674,0.14189376678622007,-0.34050843309431145,-0.068203763216186028,0.64039925755078442,0.033379780650507715,0.27008633040454805,-0.11996271975488736,0.34482231854407103,0.034222362497064895,0.024879279767021679,-0.2602408052411786
0.14200732782235836,0.54353875162511778,0.17434820615282076,0.34211861706599361,-0.32106274001555385,0.043663576762530541,0.095370420184945376,-0.192432856916919,-0.2450787011525912,0.019355412446747967,-0.028930774523838819,0.36975060441377217,-0.4334197570908952
-0.12285335975329958,0.43487125325941928,0.13394015430385658,0.16824813563965771,0.3179268209296332,-0.19363468857533378,-0.43264047848973569,0.2507538168032018,-0.22043048558931672,-0.42485715620692516,-0.25801279228996388,-0.24761289703586314,-0.062797919777024813
0.42801009858343719,0.19221217717441699,-0.18073607875699618,-0.079063164440219977,0.55066930157923344,0.33429000611808213,0.26939397964727935,0.11153365506151419,-0.11951891227337333,-0.14630401044290614,-0.39016357254305928,-0.13889265237756351,0.18367782626168203
-0.12212517975169733,0.039133408271862118,-0.0025748020512387526,0.19564369352893241,0.30078462426901248,0.0058234169607738022,0.32050139068964911,-0.62326188095807766,-0.37349426391157975,-0.44156863596701823,-0.067505244382348464,-0.070252476037378483,-0.14005685445603441
0.17455155091636029,-0.044133415812136069,-0.30355782023538741,-0.3124106513730171,0.050344613036877754,0.03799683903824734,0.39090501298064806,-0.0027061175602303747,0.70332655263709254,0.34758556468875096,-0.070485378306222812,-0.017284286258685413,-0.017115511937231365
0.027377503399848239,0.25716422952955381,-0.020175005527710975,0.09686506517216463,-0.26544834050331129,0.30480101528075321,0.24839258598844396,0.03107756498444671,-0.6337329593982215,0.074702939143052607,-0.032168317759190504,-0.53524296680339212,0.050775587869475072
-0.30908177487382188,0.013992281630536429,-0.24503973614838112,-0.14308608135247794,-0.35600326203804888,-0.44654047483418363,0.03472705407112512,0.037319278657654033,-0.22166979572527318,-0.45968300162298448,-0.11388488680901995,0.054206889485669006,-0.46761634253634837
-0.3993272478858178,0.29966697025023775,0.38456725071685149,-0.35371270103060798,-0.29573407344356728,0.19145100205177878,-0.2124669705103942,-0.43035840832317429,-0.094932110647995727,-0.15246973596314944,0.079491625577285022,-0.21180929655810041,-0.1995717580874293
0.61889446265129056,-0.15077846076683143,-0.10935832181417394,0.057931623122519163,-0.40808120490218475,-0.085051331932835095,0.50125443303661932,0.16050588954447975,-0.066922271369770747,-0.18146380474375384,-0.23200459423901321,-0.02395300236655943,-0.19060550196069323
0.15100417489908849,0.3107441152555217,-0.096201695270602183,-0.55988613309226964,0.11413739921616772,0.05054022589688819,0.0095911954013580217,-0.054717985095235039,-0.63164712394104217,-0.1636066807797478,0.16362949195742696,0.28435037104063787,-0.076589145520477186
-0.35791090328042796,0.43047114009911924,-0.238340272133927,-0.2405923613212618,0.20849440131997291,-0.025646762790844792,-0.052030451341704399,-0.26255462851880801,0.2630619501374018,-0.14456741967673087,-0.45258734346665458,0.39991685946733763,-0.035548757592081592
0.065681316407482662,-0.15404233782571039,-0.20194668309428029,-0.55982183124400431,-0.28939038026024666,0.13543180760144946,0.0794337670352874,0.25837393922277285,-0.044191884546749681,-0.04544411836232768,-0.39214247484938863,0.19605603685723211,0.49637366373230568
-0.084318590318959594,-0.027475023689538396,0.29129190854768733,-0.25383568224348868,-0.40146301899877007,-0.5368324695675144,-0.243640817917399,0.1833193159910663,-0.25925705076282007,0.16538645602263494,-0.11398683713194423,-0.38242704757309742,0.21613224909132292
-0.053929883703880743,-0.039193219368873093,0.44081214646217248,-0.20247179284252642,-0.0085687015861782706,0.062555064634691654,0.1526270006638861,0.043597042171183167,-0.40289798573737745,-0.070827078037610805,-0.70269549338632276,0.067135699881822261,-0.25579601470513569
0.19463364254309906,-0.45943434416101298,-0.075970295228193652,-0.48794506192147202,0.10062300119541089,-0.43611828398228319,0.079777650378970721,0.41081510432183871,-0.039280465828574571,0.10734485141242447,0.2019367693144708,0.18129491566923159,-0.21214644136496022
-0.0048377304135992279,-0.10894889763769013,-0.16447672661183022,0.021348584000901331,0.32730551467457386,0.41964499420078588,-0.56437242705647317,0.21177915647613824,0.4644193814268211,0.043037580673076586,-0.25754430059872574,-0.15212482540479194,-0.083619885961888255
-0.13617905355607465,-0.21755775699015953,0.27289470696577744,-0.10588806815497746,0.54460466618174586,0.047779771738800256,-0.035337033884050573,0.26515251709747367,-0.54725988759139543,0.32666291398129516,0.070060853312357105,-0.12969721824067923,0.22377764824427074
0.42773307131003974,0.23876051695650169,0.1018575243966264,-0.34548584011484185,-0.50921482573982968,-0.13657424113035149,-0.021526027660582748,-0.078721765487131182,0.14956768722717043,0.13227437886986024,0.54896980757620761,0.014302022808336937,-0.065194049405486551
-0.42099786321137644,0.065377919369564386,-0.16234405791846671,0.47881156536701264,0.058221927762781095,-0.052555818754343626,0.17192251480631354,-0.4833174555310592,0.18432210730863122,0.43370346343129496,0.20061250833690633,0.16663577588724243,-0.058984777207823594
0.48547037529089193,-0.16708696403920861,0.087966925654042932,0.090294575083920123,-0.078064378925212979,-0.047497099947605641,-0.53664116615464097,-0.19382763398461894,-0.43746272632640726,-0.066266171340577898,0.12069249352288311,-0.27597558292541469,-0.3164051413035277
0.5614775580410124,-0.050392990449485572,0.035778271400586516,0.11806072353098387,0.36455212318277547,-0.090515137401595211,0.3510982085825628,-0.26257324565996365,-0.20947218996320036,0.35367266449516976,0.33959614230773072,0.17310619282005826,-0.13937335226130912
0.18872367128939754,0.10867092479601762,0.4542397792386314,0.037405148073755626,0.3675884266109426,0.43341826578601245,-0.34301914778508619,-0.38137684989431259,-0.12954982805276252,0.0018519479752605644,-0.082461733723585284,0.35542375816351746,0.094050140459701351
0.052147921948425546,0.15822575144286252,-0.11334470203737806,0.53830587053846424,-0.64282255751938477,-0.12386285339294939,-0.18085268295870821,0.11844841188331924,0.069686120637561785,-0.30355390242214608,0.15592080035600075,-0.22479601596737261,0.14992910357749564
-0.66069817782444618,-0.30235135191715623,0.011865984741071468,0.25701167841196215,0.025305415733733429,-0.087283837998073072,-0.040886473516534266,0.0089257818709604919,-0.12014157975732474,-0.13783995960660772,0.21312689798690868,-0.56143164363529441,-0.042345588531401877
-0.41034928249848829,-0.089800790444658926,-0.10180315210633314,0.04172647570411598,0.26238743691199834,0.30543032973368789,-0.23631132303090183,-0.043418667000912313,-0.33315622670668116,0.10761290857143455,0.020617006227327071,0.19615928550757405,-0.65582321757203244
0.31240054521394955,-0.056545977304342229,0.22779203717572774,0.317271646919287,-0.23733619264034239,0.46950153531387523,0.17814239546831831,-0.49009842196141601,0.26447714067912792,0.0046193561968006771,0.1365534179311495,-0.30514572501011605,-0.1274219743831877
0.10889896818377501,0.023898149535465339,-0.20049669386074984,0.0065182663778594191,-0.27284177768112994,0.60729538928148319,-0.18702375523197237,-0.062353363803577408,-0.17424084550004021,-0.58359482343757574,-0.24827193887149401,0.094554387403455759,-0.15391572580549012
-0.19934281737057144,0.1457287782251567,0.11100177265132309,0.0034507352863183231,0.35525924364577838,0.19456295241834484,0.22729510017510801,-0.037553333065304652,0.56128997144841175,-0.50651898004183527,0.19046914379898447,-0.24524863503681077,0.20376893359503301
0.082399884869302123,-0.76089750125095468,0.044641043153380001,0.17478090659007986,0.36855836235466111,0.16436071201785873,0.26966973792302951,-0.010231694716643949,0.066950043059710238,-0.01722406531121674,-0.21511497111498343,-0.14116119864603718,-0.27394887622321401
-0.076468932820514618,0.16677115695031497,-0.21778056999255829,0.10185903881371633,0.016551277839216165,-0.068333338033061117,-0.44460284665322386,-0.37563352595994776,0.05192139984104701,-0.39553835246073482,0.51924575038476728,0.35044941251089723,-0.11507934678135694
-0.017768046219298214,-0.069289175842720041,-0.37885486495999943,-0.13088239286492492,0.24594811002552477,0.19776808388407097,-0.21879408483278939,0.10585774063150867,-0.0084960203170546152,0.4403234251002161,0.23897381190585662,0.61045889245330887,0.227634033781414
-0.25830769526786451,0.27717450636388397,-0.31731998913421811,0.19974290130927538,0.12832999796754913,-0.1150576300068744,0.013104272703912784,0.36653561965385001,0.17595961933510607,0.25347865701508249,-0.2554289070721959,-0.27259924204574459,0.56291012239054428
0.21052006211105931,0.30116935017509772,0.17846883409836536,-0.54726685065506009,0.40389184346255774,-0.21740959152357706,-0.31147744487086693,0.11725666778345278,0.25170378218294143,0.087938996446334211,0.052258555882988569,-0.0095710424061600258,0.37222667329415104
-0.6024168732260613,-0.39675629565353476,0.10788918253565487,-0.17530760493664033,0.0034678209896143283,-0.10842524850156689,-0.083507109913953687,0.14687391243296061,0.21797404699001188,0.46263905529637223,-0.33759049709900563,0.14654977770147823,0.00056131788579836031
-0.079492198778679343,-0.62534450873639924,0.2582347637267427,0.12182137214190751,-0.41476902258191478,-0.041036785845211414,0.058014146933886741,-0.11196842982373024,-0.47957368012198376,-0.063364755324207128,0.11883545755859187,0.26670944575349936,0.11053444757612758
0.39376499434368545,-0.064423423543291225,0.095896289007400631,0.10733427940167244,0.19659367195898145,-0.18038445627611377,0.015152258758095441,0.45808373798096197,0.21995941716037556,0.010228752342375755,0.14025714002172154,-0.68333188811566914,-0.061014529951252262
0.10260313028516994,0.62937247603827029,-0.026397161636433467,-0.11790829578222482,0.11726902628311404,-0.4749578421152027,0.5413745906350621,0.011007665693467322,-0.00052093619564893483,-0.081638836452640737,0.0507652836491145,-0.18940925261434013,-0.03318079732668143
0.054985593857942612,-0.12068680376980941,-0.1997182999043676,0.68364716644792078,0.28404971858244904,0.44294546099644738,-0.058483945156187975,0.082406124095574254,-0.23914052760353532,-0.099231797009501271,0.31487185207415436,0.0073792726876804049,0.14771759816319968
0.028100273923138033,-0.055240672840311977,0.25159327310191271,0.69536403805077718,0.067392418774831861,-0.42586426174382414,0.27627017748147153,0.086876885051994937,-0.28243926740664954,0.14247572010432322,-0.24369445017673078,-0.13464582300684388,0.044337988584083707
0.021334235990235366,0.11496069621669737,-0.17166132131470282,0.10834842791053564,-0.39430592750114202,-0.59121426556468548,0.13243582005528023,0.12272653972238144,0.19543173344070169,0.24260578251064405,-0.11721037088945578,0.51889821648273293,0.16572452178834815
-0.34331410913415777,0.19447890549442198,-0.42171929999576407,-0.11336262169124629,-0.62993815903099748,0.31561939169010766,-0.005614794741307565,0.10554715328755314,0.04962596086804983,0.32009571933608139,0.029323126861155978,0.080291231785419706,-0.18378025057197039
0.0026021502482483309,0.01270201101808717,0.54441061831718285,0.070042320753181536,0.076846286620275386,0.1205156486653586,0.14436908621300115,0.27718227559050068,-0.2848771947677573,-0.39439531488858659,0.46888027957424133,-0.060859245075039613,-0.34667848882155006
-0.10583517275948627,-0.00677919830860559,-0.10532726519165987,-0.26463858007307117,-0.16422380291683256,0.34233127277888542,-0.50363441685433297,0.28847684385767591,-0.19275604330381038,-0.10614734465954526,0.46156223410018943,-0.23224015238589862,0.33346894823364348
-0.0046762107226071209,0.086890633961795846,0.2262787357618645,-0.29774686867457756,-0.29372646952600862,-0.012135959258036226,-0.61180509537219696,0.29103075761695063,0.024107073978846247,-0.024248481043419534,-0.11720657091020496,0.48863711614369215,-0.23124281247900094
-0.12123866735238031,-0.44550925206619868,0.20360311009051249,-0.2509916596400415,-0.50604033337908549,0.16312511708905758,0.029129750777028524,0.2595084393949289,0.42401478970154544,-0.29181946176865808,0.083560779981767599,-0.18456739247951842,-0.1596783968323218
0.23098931163834291,-0.23940854356908939,0.33993303946136022,-0.56622980363200692,0.061193530470017153,0.0045537235779845109,0.42713689361984797,-0.24508963054682489,-0.10734560970616037,-0.10733597562957647,0.074455189604182306,-0.38549436667928649,0.17228759179288294
0.33416666414422863,0.30684184479101473,-0.31126576267769396,-0.13005800051684133,0.07970735142595281,-0.22220321502509643,-0.16450027084503385,0.20458473832642066,-0.12338171209323341,0.47832375946516525,-0.39098575071136249,-0.024224453823833293,-0.39782299113155006
-0.22064212659526558,-0.46662649665423694,0.015250060965667334,-0.43004142011876134,0.27385642448224323,-0.078633039827117474,-0.44192424381609641,-0.21497914229948381,-0.15794813107924349,-0.40992227559565325,-0.16612582982551674,0.015868591594741362,0.069867907226644016
0.0016267945829225555,0.26177045794195969,0.35647412239912712,0.22121354083789807,0.090006031349744275,-0.15913311829127172,-0.044456612126274747,-0.34593381268456996,-0.15987435261721158,0.020757920182198266,0.50082442956367457,-0.26149842972981896,0.50516936198398388
-0.070274518205625497,-0.037758602331409673,0.038766128587210506,-0.037040044938253858,-0.372839457637265,0.098681905482567292,-0.45141329290415699,-0.39491855629146894,0.43541929941404289,0.19283000084853255,-0.019898906298253301,0.1191519693298082,0.49082834253427732
-0.56976886023787576,0.2851524708788819,0.17244656082869306,0.12811926703476584,-0.079152768789528677,0.3010328256471817,0.067233771453873145,0.28839810213458111,-0.33699001559245945,-0.15623833639341941,-0.054178506584231872,0.36307458434411721,0.30097878716692839
0.62574721931302879,-0.41277943499550107,-0.086922666561142337,-0.10893075713618587,0.10134402379545129,0.20557582469570673,-0.1306528288312141,-0.030833844769488701,0.26543970744529249,-0.31545387707863393,0.25409324267438693,0.16816469323524186,0.29200522316378591
-0.036995638654150814,-0.022444909519316034,0.20667865773782568,0.013701218764605142,0.31042131070999901,-0.10392052230591324,-0.18462147635731546,-0.48782985162161141,0.0336182776548496,0.37111835052560632,-0.4002354344613851,-0.5258145306355585,-0.021713975159309867
-0.29039048895726999,-0.18168267675246394,0.33006215961943969,0.45563948282498024,-0.10714723169804685,-0.048883914378037983,-0.27959040242761801,-0.26670687995884584,0.29100511481680047,-0.31466281043713074,-0.3343673777585473,0.14901916479759569,-0.29195541811931974
-0.18632042761640077,-0.27802275188455222,0.26879873350785399,0.29379725229051795,0.12665990957668605,-0.31202987896534579,-0.3034575443735078,0.42208759061007062,0.20440333347217229,-0.16111677444573613,0.32952004089264902,0.25356202298057912,0.32427176112475503
-0.13143450094363596,0.23388765053626467,-0.36867634830429724,0.464225085840897,0.051684563473256374,0.16315145802085784,0.28134258391234468,0.11055233510988452,0.20322813336423812,-0.13284239745574353,-0.26296840834763241,-0.31820801954588623,-0.47599547670557085
0.12387875151391203,0.31403132733823058,-0.37155599127352312,-0.088152144536289667,-0.075899209794734732,0.057849284878583693,0.10050668408752665,0.60921445772014127,0.21405018943557877,-0.37645009150592135,0.2676082248621251,0.29856782395610681,-0.039668422933561868
0.19544149656935605,-0.24211342997772931,-0.2185950998579336,-0.35558574195975423,-0.25631148315784952,0.055835145331223621,0.013215541883115864,-0.65314059786066836,-0.081710105670647251,0.18323303921701664,-0.26174924073562661,0.21084110508046591,-0.28312667704712569
0.56991584888405833,0.24512886798052549,0.1538705256238081,0.17738570856265143,-0.12444506807326292,0.017175266660660823,-0.16403786275363866,0.38117899019366902,-0.35598973692444652,0.15488491834993651,0.018064581707531016,0.21599520439146588,0.41746884808411194
0.20856167850735083,0.56463848891307888,0.25034433083406438,-0.11366499791287155,-0.33087276957044476,0.27502695864961707,0.01177413386126553,0.25257021838253402,0.36289827729716617,-0.025487591054283512,-0.37090103955069736,-0.20547788723510912,0.030214302080479035
0.12492737120955905,-0.09852037398654391,-0.081072914694577225,0.42533803499252515,-0.145675104382672,0.4164154855856339,0.11738445590012682,0.0013775448715713015,0.11124791330602357,0.32832431359925807,-0.57161222194326089,0.33993223562675118,0.12778933964184602
-0.35368394776303963,0.34358575241407929,-0.0033690191080443816,-0.0069295561653026925,-0.089722892969469115,-0.38416354797800095,-0.28782474006376452,0.13120057683967815,0.58381384665222025,0.095912437160138517,0.18458486228743581,-0.18512486059797184,-0.28762481947627466
-0.53254830696753175,0.011627894492617108,-0.1595346885208716,-0.4604687702973182,-0.10881022432833221,-0.24848871567990749,0.25423284113287303,-0.11255768056816023,0.058132203938486234,-0.048443881983812324,0.45512108930203971,0.13332800577684809,0.31184400902179638
-0.098128915726507129,0.28490410018302659,0.25993677748001054,0.1982185563206417,0.52509363027872924,0.039146153166885168,0.22639141939625254,0.42758928329806123,0.28492815984051251,0.27566963108460929,-0.082789308088112454,0.31338304046248633,-0.16958900922643202
-0.30198380762498805,-0.43486307860684897,-0.65075543898736288,0.21148696721208865,-0.10336525670237368,0.0050269564561164397,-0.012177096603526333,-0.0086546101827143489,0.30618324733855679,-0.2704003682326514,-0.085861185496135126,0.18784163290178921,0.1761718231275089
0.17642406518090023,0.18658631261351938,-0.54920694030698258,-0.30727778999271677,-0.13733960654549182,-0.14018156059796744,-0.23863749289201741,-0.22214009919831615,0.18710881167665971,-0.25398138315438934,-0.1958850936982891,-0.49473768268191259,0.10272528670228978
-0.19732283261758743,0.11959866332762589,0.44182182719135349,0.40968053658923098,-0.19067827717107227,0.27068014888555997,-0.3931156211339128,0.16894723461400005,-0.043060181999842032,0.49956813008240469,0.082749278558765862,-0.16642730095361646,-0.070980257070690472
-0.3394223672173311,-0.010195383616491069,0.013838791951610961,0.047829993501288089,-0.46611733467294775,-0.11731811948087571,0.47332034119351457,-0.32341054040533668,0.15941980423408442,-0.055197081666620594,-0.43064381459931289,-0.25054139209877524,0.21416671183108479
0.17133751497676297,-0.40572872618104527,-0.047489757382406621,0.14649494297180771,-0.11487580243676063,-0.62160428300397841,0.086042309424273045,-0.44276029014759444,0.24482136293930365,-0.14742204135506184,0.23365686444291925,-0.19648404469723726,-0.066415773825820798
-0.12087796802889521,-0.17009224331835693,0.089900253681903686,-0.058519285870422676,-0.014315900775503548,0.37894614140624522,0.45083938023480974,-0.16018059525845127,0.21809749692540686,-0.19392930100074074,0.19041118159646883,0.6386068491422523,-0.20731925238048091
-0.13929056683921978,0.22240988011321519,-0.23869786571685642,0.21511917202761163,-0.060793235938592712,-0.35121573025768288,-0.062674958257781202,0.29435804159962925,-0.4329171754424711,0.28315017505968237,0.56270915195848836,0.012467011457946712,-0.16083414339234803
-0.24056967741167171,0.099240638139325349,0.43054969939658644,-0.10731580703615237,0.27923276431187344,-0.60946928237384068,-0.098770299944871479,-0.26486423390393493,-0.1783634593210992,0.11296119848451815,0.072570090544815016,0.32955961841162462,-0.21818731968845725
