-0.43775582205330088,-0.25068747789614504,-0.15007925512774553,0.39819519665912512,0.30034771504062424,0.13751285224126228,0.2643185683072698,0.0096978173603946109,-0.37041320659389126,0.24240215255406336,0.027325522460316134,-0.30492559247141732,0.1466671660691814,0.12121342722493797,0.043509510184934132,0.20164354925532377,-0.13006669161709017
0.048330184746496932,-0.3608769703070725,-0.19932917623429994,-0.22407457398529187,0.38838608725053264,0.31298906911278906,0.27105105042025596,0.11657465955788468,0.0022006088713474874,-0.26052196163894953,0.03511648496518166,0.24720094358287109,-0.34188578449807927,0.14231781650499004,0.30445101802927144,0.27493001701298353,-0.077401812833917241
0.0030210812531347303,0.079656364548675807,-0.34227459659712567,-0.3037718425239655,-0.1912379094378637,0.12725722602249445,0.20720571077692082,0.17788672802093197,0.29504572136035956,0.24538023158081962,-0.33541593627870431,0.23904900579580879,0.28728132034560222,-0.32747719121894642,0.30530199649934192,0.21807604618837287,-0.09706811372411267
-0.075063971395815166,0.14792099330682149,0.059254733532989455,-0.47263414194464159,-0.32793960260494381,-0.34873476121598124,0.085598284826873539,0.13256219442393405,0.12959042651908104,0.2363919196185458,0.25245285548494489,-0.3123118696940882,0.26136564535923817,0.020565682963779086,-0.35764627834624968,0.22409921015027007,-0.10352910301638504
-0.087909827965900036,0.068320724587540099,-0.00211536018061606,0.042972780192574445,-0.48766504867957222,-0.4474883178027324,-0.3671948840942259,0.0057246090719553708,0.10527014883859578,0.18549007102746717,0.089583210750935449,0.18002206095347467,-0.40128523536456923,-0.0078028293560980684,-0.02118363282650965,-0.35261918548280985,-0.202543655843856
0.44858954828244307,0.081709594657290455,0.1429808409700398,0.015071530093303427,0.11333366352097443,-0.4161647167628359,-0.32641949664325826,-0.31093862058425159,0.12517997264285283,0.22139923862944683,0.083572901644823006,0.20949438233602638,0.33087737521462518,-0.34212015645553423,0.056304079531501738,0.16826613854560268,-0.092631133602695911
-0.32588349075559175,0.37161461879198227,0.12655093351911692,0.018910533569809498,0.094236092690160589,-0.02935807056321961,-0.38593118722545305,-0.35112138733224529,-0.31823423006337198,0.21474824747626559,0.082101680900167603,0.1874470666768045,0.077124106152786281,0.31822709956824807,-0.35729191350508044,0.15724486183578915,-0.092148438080213849
0.0095021199007044397,-0.30857169525548162,0.28939586313573618,0.11358064096041591,0.22140507806940021,0.079271283720698749,-0.01752658220329582,-0.39246900284317804,-0.35003100308545032,-0.24695171127356744,0.32384463977395717,0.27187336326982686,0.25187348829568718,0.093098978626201118,0.22597554894965399,-0.31412475467270312,-0.11939487163491552
0.27011093744082537,0.35948886277142428,-0.24624097736723563,0.30954147657719311,0.24027343423745859,0.077909408330467569,0.085211681219692581,-0.026092727361171932,-0.38105147356519076,-0.28050783627468107,-0.31245595799815801,0.28496277632652367,0.29100959606123949,0.059838033473612724,0.12241988225189704,0.22880565164696681,-0.10625922959366568
-0.4358329960263253,0.25715263087262658,0.12221626769095109,-0.4222042849574375,0.19756141576403535,0.19134872720666027,0.03750227827667818,0.022870303094711445,-0.066993704761015543,-0.3614386212659545,-0.37771918263369042,-0.31157738131223545,0.14656507916144723,0.042547720321293503,0.03662428085779023,0.19955011830049749,-0.18391039163697492
-0.10224023010037413,-0.44789366592899504,0.17212121627117513,-0.043819634461077658,-0.32539528822366381,0.011714650435430901,0.12081211464143082,0.22228253932029202,0.19437968602565853,0.16430524802966082,-0.41846682161833243,-0.33465149120828536,-0.34175124339021834,0.1153037449197185,0.037356054138542566,0.21138257855173645,-0.24354710318721839
0.073925515216489254,0.054229638715618277,-0.33253228739338159,0.029413046144309875,0.22397203718409528,-0.39416615891245443,0.042019168336222795,0.25612705835659394,0.085413182272666852,0.20845765251886825,0.20431940290627598,-0.34239712706723691,-0.36742035456318073,-0.34311014053293032,0.27893751365985214,0.22147153231906877,-0.13395492889055455
-0.026644887478672653,0.0081336334287170509,0.071001102035929506,-0.40785515605197503,0.14983109906340428,0.23420410981456069,-0.38502680555716323,0.022541713174089074,0.27424957684064943,0.12372579728584832,-0.011034646230690316,0.11183313304678928,-0.39155037863863101,-0.38070630163116082,-0.35206513655457577,0.22140264214651881,-0.16557452165979217
-0.059671110369396228,0.044460082611005793,0.083702397611624832,-0.028193052702401824,-0.38968031781852647,0.21747237898762942,0.20835416467085555,-0.46261037260651983,-0.015619703718673638,0.16579641370148529,-0.0050624712445408978,0.18211190853803405,0.17964038649858177,-0.42403674228722904,-0.39630171256557356,-0.28250312834472896,-0.14224354324003718
0.37388851962781222,0.22073315589333151,0.11690213095175854,0.14963347728448143,0.047479358535862749,-0.35719773885543016,0.19252484822127958,0.14487186665851867,-0.33983703068997967,0.085331695633618324,0.17301939114179032,0.10391999210238498,0.11885498953468482,0.12357604248828846,-0.43391581034926163,-0.42781630683467614,0.1526981470608752
0.0058363320451609475,0.51474107895547949,0.30992901330286515,0.062797236801230547,0.24286697999536436,0.04277026719637949,-0.30036449215483385,0.26366474943091645,0.2845395686705724,-0.31916122963892823,0.15661567972314624,0.24347527187571383,0.09315117036115117,0.013924512554243521,0.055227502991616211,-0.29837421798790953,-0.21650140699117285
-0.038582839360295752,-0.0082638106885806941,0.43050732537044345,0.23722620985706669,0.29731765874210248,0.37831996106971544,0.11177249837459753,-0.31930544254022836,0.36442854848242912,0.19238693873705071,-0.33394584755759998,0.21042394290980462,0.098327230414022651,0.075564369003308374,0.080683061957557423,0.20804160547264339,-0.14166563356055464
-0.49359093241587265,-0.27078110395134003,0.25613383366042197,-0.25463299253071731,0.25210747038510944,-0.29120141920745762,-0.24514188620617006,0.19115545814725823,0.15098565076376458,0.25467722302378776,0.10180310023263651,0.20411041587875553,0.12154136566755548,0.079989265729236508,0.34334779402484655,0.12397809512328478,-0.11619267249341922
-0.0026347644187176018,-0.5181022617247395,-0.31507992561688969,0.12044485139428175,-0.25692223906819189,0.2624021403194513,-0.35097087625640727,-0.29400466934786995,0.072396609094831491,0.31943771909636454,0.14067119078097831,0.25201131552490919,0.04197512635051414,0.1185711778172005,0.052298046334819846,0.23267190740346705,-0.10012697370285137
0.014589213959733335,0.017508624531166084,-0.072920477328987141,-0.073115008935034739,0.049956021837163682,-0.036705719803485651,0.081587310318747636,-0.083005421447405608,-0.016935359338189602,0.056993178689854943,0.072701698420069683,0.089153482422916264,0.029810345285995753,0.043965057299888512,0.0078193139957964258,0.07582613412754427,-0.97263912256647411
0.1733310941228742,0.10125421237250225,0.047779103684079262,-0.50168749090293208,-0.33478335151998412,0.059616951109361001,-0.38173952529896771,0.12669135270069359,-0.35945260449511068,-0.22878229865845867,0.16180745694442883,0.27353714975626264,0.055153907926855712,0.056554109791624216,0.27388059740587783,0.22202438173228312,-0.12338325891390516
-0.17889395775420261,-0.11228811541908784,0.076515435656973066,-0.023955985648692037,-0.40564629558922111,-0.39369289667368662,0.10552786833619356,-0.36384200787368137,0.11522244699294719,-0.28059925572312039,-0.30381679398784306,0.26806091751141498,0.31098818602135186,0.29082974134576478,0.059726954868671085,0.18292495133927772,-0.10677914824908634
-0.056453185966496379,-0.019321996441684863,0.071424090348401595,0.016596464004854494,0.011014730171138059,-0.065075839640580738,-0.086068241444787585,0.01577697181808289,-0.03844215596426992,0.029652200560438755,-0.094769159590062685,-0.022961881675038699,-0.00088861152005787717,-0.018804768816111036,0.016055756763993997,0.89715000615857166,0.40211215715069937
0.070288692044976578,-0.041426279278388135,0.15636076290678375,0.0068164304762449984,0.12928907830087075,-0.11288204706418499,-0.45114771497952222,-0.39431312143384295,0.22304689608785683,-0.29298939140649133,0.098706883562160258,-0.29510296077446174,-0.32674935689989482,0.29691913220009691,0.27444616307111303,0.21473482571271663,-0.17774624530557989
-0.18881433933831956,-0.078066757150367136,0.011818579641542083,-0.075601671313358321,0.027681250311752753,-0.095304637876027914,-0.066439361041238459,-0.43738556126257105,-0.41588441187582093,0.1386879511188035,-0.39237910478100935,0.14490894785836628,-0.33842368184216365,-0.33396872360480345,0.34921235770559955,0.12723861918923118,-0.1243828807022517
0.11574737624315413,-0.04325563194802947,0.034232846872209358,0.062762778687769277,0.030406055130292622,-0.094079296164965936,-0.13184454552528466,-0.15179201936373968,-0.49233550002320808,-0.3795967078961015,0.19756475912385349,-0.35504109422118824,-0.020318024984946795,-0.38622217157833333,-0.37219064009792369,0.23397144371471762,-0.18707854674097354
0.004666401473146134,-0.07395388520782481,0.096566863948715873,0.11161091567892695,0.072215446435764899,0.11457132126669883,-0.011307290795088585,-0.15455178542728285,-0.10502650417777645,-0.42562333667735075,-0.41010755555165973,0.18523851988104562,-0.42039831105608438,0.21289598792887732,-0.41577989994990727,-0.29995914451533745,-0.22533522009572365
0.47098497143219109,0.17053729819854027,0.19236639723544735,-0.043901553116534597,0.17303261371560219,0.17690624979169173,0.059681590505768829,0.12594659820414647,-0.070051785442304643,0.11076309999146412,-0.42990393735765337,-0.33194983969361735,-0.029440870863430849,-0.39392902077524933,0.045755361248543992,-0.30821208954507429,-0.25333490301414785
-0.017811078167724342,0.42358280576448859,0.24569100481678682,0.25007280644751206,0.13184906545895081,0.19175973737350432,0.17079088783824461,0.1340828258002123,0.14615155351523323,0.041678329001663655,0.11020614082934803,-0.47314122393508773,-0.3786001094510123,0.16993551000866422,-0.36924654470002527,0.15150097642902149,0.073750533984601546
-0.36660943242581157,-0.20553267017048682,0.24198434835301794,0.25666847555542405,0.13336922037630272,0.2182041189091681,0.17274142654070168,0.14668945420084409,0.14635535631051899,0.029892011399585496,0.12174566839005677,0.027450099574350659,-0.42115511280396001,-0.40926341014872586,0.14576846546794189,-0.42039619629054342,0.037714954260549639
0.36019288220514084,-0.21871102058856626,-0.21064131333572139,0.3652581166185605,0.24060685389277245,0.26579545352262868,0.23215929580962166,0.19401682830601452,0.19363308537825058,0.09997109485627434,0.1476847489953276,0.086253665978914526,0.12958837234071521,-0.39055119701208152,-0.35398015178266107,0.17896482275367495,0.14550519571070028
-0.35298894010691084,0.10420764706196975,-0.22374538818718165,-0.22454423796834969,0.37101096076804235,0.13493488592435382,0.34916730113537214,0.12789717739176956,0.2866617203104937,0.21799844472499183,0.027861549967975539,0.21865651215195872,0.072394697713813447,0.21692985278770324,-0.39459397624121451,-0.27940987941392537,-0.074608123856000644
0.43416436448989665,-0.25964259836410036,0.33863078409859765,-0.29108542558616318,-0.14680273291263493,0.1604765732397159,0.16010169373739586,0.18497878309999438,0.33423580779154477,0.28180700727398289,0.28969863045382421,0.26176610111716725,-0.0073925103627785959,0.088658166550094258,0.070388939546855239,-0.25293461420471547,-0.13080910897639844
-0.024542643557762808,0.2954784619926662,-0.071048378373611276,0.44478259959136129,-0.1382828106646406,-0.18531686036758799,0.20952405641402777,0.16840277455020997,0.25067631918852296,0.341342006530724,0.34160751450048965,0.29013818831370397,0.15483566761094378,0.30421874107275937,0.13961804598792654,0.2509852782838573,-0.065173808021663102
-0.37601116096488135,0.2140297852020287,-0.35721536388348618,0.26794095492523778,0.13167184175096103,0.18457818121749975,-0.35967068856069523,0.22477742595461142,0.18025572740829754,0.092579097773811986,-0.37306894469731428,0.087585229714425436,-0.32863927496149364,0.19599778828871356,0.19054839446104196,0.071461339084340811,0.07980141470490773
0.0067961444851790641,-0.43131011112049306,0.10804204127887222,-0.33992787302771327,0.15018201902084316,0.17113852263357124,0.12407482494990359,-0.34904116535084367,0.16056411829179021,0.10836974550251546,0.1341495663568962,-0.44737498857694968,0.17424044927673171,-0.36292475971142668,0.20560739449359172,0.10694483543845361,0.16181158983239385
-0.012511549766688898,0.11635924268896013,-0.44302073997108793,-0.032002168576215358,-0.32545800742541908,0.1021442744679489,0.25390858442851633,0.20625919614141672,-0.40313763156940463,0.19579106760749992,-0.0064155572317169318,0.18166267297842037,-0.38343727311113746,0.024725830570192699,-0.34088907392736029,0.24333369434102767,-0.09324669097798656
0.0098973771100752065,-0.10476886349754147,-0.0052877584604271539,-0.52501030221042266,0.12065996707045425,-0.43858965464909444,0.2193858015077518,0.019159226972412825,0.035106853841615902,-0.37501575905735679,-0.0030599127699470871,0.19130486324689039,-0.036724227161531196,-0.401806295667614,-0.0057743142981342751,-0.31817538539495427,-0.12370416112422833
0.36782064470378734,0.20951898840880798,0.10048822795430307,0.1384181930833201,-0.44475783723408885,0.18728563080070998,-0.324832748347543,0.20207635144457639,0.19730556817320047,0.09407167512145323,-0.35520380514482741,0.12428512373093314,0.17754084738331591,0.17007466003353278,-0.37909013920631268,0.12386521401570176,0.058498798022268199
-0.25740606786967984,0.35988067404002994,0.18763711415726692,0.069676103090051081,0.14578423204013802,-0.38230648006961959,0.25600691963413791,-0.39040046729184502,0.11927788151461262,0.18046882225054153,0.027073097868486187,-0.3266978600909336,0.11378678797773868,0.027324399042049245,0.23628588233938849,-0.37054343309371057,-0.13309415015655324
0.26716166001249897,-0.15245150798049234,0.34524904259140404,0.3928870922580312,0.19127636370063505,0.031844565431634407,-0.31784135699975169,0.32796221145236604,-0.33056963520672322,0.20250181327714001,0.057480755772406113,0.19134167601841467,-0.33525229610786927,0.065901982069808546,0.040764604530945478,0.18439273957363506,-0.20747144718984656
-0.44831422200104148,0.12720206314825888,-0.32042331638574995,0.15126971616694584,0.22082173474268896,0.0047081022933053076,0.00036399057902655388,-0.36694340585539892,0.2601167962241232,-0.2974808035012369,0.28207035881852022,0.19809401917415298,0.11024142868946542,-0.34660765228794133,0.074004135298983004,0.23419886077091806,-0.079196621642965787
0.15680727432384864,-0.43467566230741361,0.13342650119650684,-0.35691144584541162,0.18746758392485524,0.028755824634298932,0.057023031888087633,0.035746559675241311,-0.36360271851363912,0.18186521865215982,-0.34947530921146835,0.19899774790521499,0.32605299028896351,0.036570188618194152,-0.35725875232260179,0.16783228252091548,-0.1015642079054094
-0.18530001376928429,0.074736209795252445,-0.34928391235413786,0.20129298611921795,-0.41380758739094486,0.10702665295354434,0.17969259070772103,0.16744844924596411,0.27744719153755143,-0.40644096734384833,-0.017948463576873252,-0.30433738731604892,0.12429667639701704,0.019704495210771267,0.0064277424237229805,-0.37463552279434126,-0.25138582621129751
0.25180480412419304,0.37389434761105372,0.14735842802801774,-0.35732493989384917,0.18001301729269631,-0.35292348180162747,0.11359527283525347,0.082963973679590325,0.079175707055899089,0.18190552651595976,-0.35208187987875122,0.20091953267750992,-0.31642518761267274,0.35561360665577818,0.06359125664839721,0.17388060105753067,-0.078116523646227412
-0.25156002480107387,0.24816863400587283,0.24152539614272164,0.2239094650737129,-0.32544327620286573,0.23806520875988757,-0.35417063489491418,0.029211003875222893,0.030916306578868052,0.2308967067294295,0.11000210757868129,-0.31319312038265779,0.13570479164308538,-0.34272761725482126,0.26983020417662007,0.20986093281143123,-0.24615841371187269
-0.049661264513071034,-0.34922436543755792,0.19332436542049469,0.061429356597384639,0.14590623838157138,-0.37519255675994839,0.32309682299802034,-0.36864879325797012,0.073696633653799332,0.17672984200806302,0.28665219101968548,0.14066960456361957,-0.37077323209414009,0.042525956839796847,-0.33015173130616421,0.2072263311189165,-0.047227520124237948
-0.13615858969319353,0.0075027717310071724,-0.39109979275852141,0.0015672287370178267,0.19001733029694315,0.062515283628886184,-0.37030289418888007,0.23606697835110593,-0.36970923349397228,0.21303661350854355,0.11395701020578258,0.19878398994574215,0.21432566136894743,-0.40915270167925327,-0.028247251040867723,-0.34713464850408671,-0.16236951653192624
0.3477162261455633,0.19046928376161323,0.090758028013851438,-0.34762279723422024,0.13549686606051731,0.1825423467953223,0.14213902051697078,-0.36411859371460603,0.1817298825133184,-0.40853480465172343,0.1949150718216392,0.1189442142808437,0.16480605777586177,0.18004731976416538,-0.34308713028668913,0.16719657780591893,0.22795107349611715
-0.2576645911866226,0.16524818613753539,0.26998396788210688,0.040449061438624437,-0.26846203295756516,0.18754834472068724,0.17263300492616876,0.26351873225442413,-0.33977482710810403,0.22776981618961656,-0.31251124421001758,0.25390179327269324,0.13095393589288548,0.25799657433780604,0.21909034794758958,-0.35335264049325621,-0.1981382069789856
0.26215167594821082,-0.15729903428561706,0.39553998880169783,0.11522879928390804,0.29729021972878156,-0.3097661522747101,0.33784273626925482,0.26209126548968065,0.11625436082470381,-0.28978455263402936,0.054506274361058482,-0.25523996948241728,0.30066324015438756,0.13561574311735994,0.11554505356007774,0.23581528001101068,-0.16211047213211738
-0.38680858581969751,0.1853317298700794,0.034642521713951387,-0.32917615058916722,-0.39782509317487302,0.28838666496959231,0.19720907335883928,-0.26610148651980703,0.23586542720706535,0.095101538688337303,0.19773113328077616,0.042105055708307935,-0.31583198089637871,0.2258067029443106,0.24152842903656768,0.067151884907054885,0.19028932773287346
0.0044951437279430392,-0.42357314458648732,0.10757280614516244,0.15063430101627173,-0.44151043476960228,-0.30672678040233337,0.2162932132339411,0.21955281300281473,-0.32701993895153036,0.14220637209612128,0.18571942435260813,0.10577662031326522,0.18062689355374983,-0.36591711747181149,0.19585596387390977,0.07889549716648768,0.13547490421916394
0.088707312642328645,-0.14658728334465254,-0.38856659219069173,-0.0055397328267513431,0.19205848416120458,-0.40915741108017256,-0.33227270072048704,0.27690415164447024,0.11239519979160831,-0.28115100970081919,0.13211138678007825,0.23943650636346062,0.028129753648520512,0.25891415728389305,-0.36124562876336569,0.2259242687092709,-0.11145114155305326
0.027513974051686731,0.0016124357596149993,-0.038997914798640218,-0.44155081762721898,0.052126148942026995,0.11600431368633173,-0.41428830073117184,-0.33245661664705534,0.17879744863351285,0.096917670804034253,-0.35357778248150656,0.11372130428737011,0.17162114567388093,0.16169740119659451,0.13822717980198415,-0.4797629027748827,0.14221700294961892
0.44340639413455574,0.056540044175900001,0.19089986365175493,0.063958330577067415,-0.33177786180927815,0.10484111689087625,0.24456369117463764,-0.37684827017152867,-0.34548723073674281,0.24966279242390726,0.051027150814989729,-0.28572914082437267,0.069230977125845389,0.30614573296100062,0.13385637238893403,0.20994807925196809,-0.10156096163632523
-0.36680387146635562,0.1987222946470594,0.029163691407561292,0.1700703630384576,-0.021844055921466914,-0.35111809418768553,0.15212574709895599,0.18343481958101068,-0.36059820005770815,-0.48170606023889656,0.2035196909993108,0.031020205062104841,-0.3083596480779528,0.22049079866705423,0.22341746850367367,0.0087870503014954773,0.13224792984864728
0.016151254677166403,-0.42114511626362855,0.091562891059819754,0.14609103334398357,0.034858861290745592,0.11044656149970086,-0.41417696231148232,0.15235289990545919,0.12466159721741224,-0.47140130552409837,-0.36241993542218359,0.097500407293237071,0.18677976575717112,-0.3623569850015016,0.18502820411137522,0.072939282663757959,0.011088064208153246
0.10318894685714526,0.057851159284969748,-0.4703734302221233,0.014347908567793395,0.12731452145777575,-0.1024219262602501,0.022941166439297726,-0.45204278377631302,0.18402463295602817,0.15857518453965316,-0.42404608938978716,-0.33584683288784045,0.013203979837663422,0.022329392631860897,-0.35144012001111674,0.21402360862910333,-0.10663722992052191
-0.083582767710834005,-0.12408812188394118,0.087651456262846095,-0.46511609897175243,0.17658456428502498,0.02914323725881824,-0.041613469508059123,0.037411777478846574,-0.42110002437528538,0.19274495069680617,0.20951828789054722,-0.34184521945468949,-0.39550278132206884,0.22925573511845856,-0.028505969414427054,-0.33173073235982925,-0.15286305082033519
0.32594797498016581,0.19604646796434888,0.18891564057359864,0.19123511010666147,-0.35649622867233416,0.010472140952963836,0.2552006170715459,-0.039969705618600561,0.21459181580249115,-0.35713076146684908,0.012023845141942945,0.19483390080747806,-0.3740029744706474,-0.33165229880681252,0.14603807244132572,0.27328640630908652,-0.17764755460156503
-0.31964131775712229,0.18730389469106515,0.17045224846340581,0.29814092679314813,0.078866134608031366,-0.39266373996946285,0.090078221571825448,0.26128682264760378,0.030953211788052326,0.087298520539238353,-0.38645879592804644,0.13164068494310346,0.050732534623766555,-0.37333383501716288,-0.35510014037630661,0.15183618334635224,-0.2040932277609552
-0.046057337017130544,-0.34414443328394329,0.22890011178700803,0.22765204411492718,0.15009170915734085,-0.026917673059740754,-0.35102881867186636,-0.013736228938450581,0.24681840587745688,0.158388743551657,0.088556677792760635,-0.34192983378836606,0.22157727202106275,0.051332255346329361,-0.432636484865763,-0.33724045516568424,-0.25526273140399042
0.33874637813754455,0.31722163910248397,-0.27231357725781669,0.1508636268632649,0.25070721447932964,0.23869094029239243,-0.0018146292353247654,-0.38949186260511692,0.035285763001425885,0.22937929149132569,0.24960805756906163,0.21043256642387551,-0.4125724454782132,0.014026527316835426,0.082689152527296111,-0.26906446153461039,-0.077975572689119699
-0.033313280608557407,0.34713463107546094,0.3243694486574914,-0.21884400944956423,0.30402165404817216,0.13535092973731197,0.38117564977628021,0.074434535488112755,-0.3071761047275785,0.22147739385005999,0.3305544496134194,0.18387340174530928,0.057440099053568998,-0.33868287846335809,0.076152777390368534,0.22428017146886561,-0.055711326402318968
-0.35932173103609927,-0.21204259755400234,0.33049723034640999,0.081326028705415665,-0.21796996910620997,0.33492651648443861,0.085469706934855713,0.26296797576874981,0.029104537391546021,-0.27800548959916088,0.2942420514398334,0.23455064260524683,0.11140198477290848,0.097178163441948087,-0.34931858371536562,0.2792341082634559,-0.1798997201835876
0.1916144395765618,-0.40011870511034919,-0.30035068452930203,0.3334125530526475,0.18858320283663868,-0.30756138608630418,0.18544892143068412,0.053840616174486107,0.1371874906280407,0.16198352521435555,-0.31922433330192629,0.19022883981827438,0.033954228974571878,0.11984005838038647,0.24575287247601674,-0.39240132193103217,-0.14604335515628789
0.28527120620293717,0.13401873626572566,-0.34454045746015244,-0.15421195649773867,0.21646265983974,0.40139604631892939,-0.21836877599521826,0.24201756998912471,0.13596009523441785,0.11533006847312441,0.2030187290099553,-0.37992605750484854,0.29378727747150263,0.30916370043530966,0.1358084212434543,0.08562603017887796,-0.13755754862284408
0.56094750971416463,-0.3066359531797726,-0.34723942689489234,-0.14576705076542118,-0.2741529242162431,-0.020283425516362277,-0.10116109293099744,-0.0047179247145204724,-0.032368332652515673,-0.23436412163486284,-0.04647832795129106,-0.24076130137104965,-0.32186599826007828,-0.0050777683628950515,0.0084679456335824358,-0.15741053165698682,0.34509156222307147
0.0012865852165707202,0.70945559988446361,-0.17777951522546478,-0.17015183876997361,-0.14871931563288274,-0.13346825375972524,-0.15432027223224495,-0.078530870305463421,-0.085090925440983969,-0.071594983363280476,-0.1101761432131373,-0.069144831909478718,-0.085821971292221369,-0.38538174247776841,-0.052608868884440579,-0.03208943439580985,0.42099028252273268
-0.02997929802956863,0.0059429112170700567,0.86872189099699992,-0.17845956789733983,-0.16075444347611761,-0.14410085506595374,-0.14525369915601943,-0.093843922535353647,-0.094434128673697271,-0.079579010564620967,-0.1267131146543069,-0.061055279093268335,-0.087546846117125959,-0.10141740585400293,-0.097766271893404644,-0.059386279118276618,0.26449672422737147
-0.0013078712312095285,-0.0027030510297023679,0.063767196716612989,0.79310165678591271,-0.14914995561601394,-0.11602356877220805,-0.14640318061901403,-0.39103302151684743,-0.053549046054679812,-0.045590310435640366,-0.083499877085605023,-0.047546766402869582,-0.063577514759530523,-0.066772499945619901,-0.052115169364959704,-0.043668348958458364,0.35995015309500128
-0.02964890956755099,0.010520667108632174,0.088197965007123971,0.033774022114684735,0.85886083943661329,-0.15174552189311766,-0.16680996230723288,-0.083842968530037226,-0.093963907050127457,-0.072841547824823202,-0.13071555431969434,-0.067353056975513081,-0.089286300224573206,-0.10953395229421553,-0.098801400989813437,-0.05512618184884182,0.3550188728450045
0.0034770186196531423,-0.0012209268417827767,0.077892542029170092,0.010736681735462097,0.026344158725390168,0.79318337014393503,-0.16551232063236732,-0.074950456826632567,-0.40918250686922675,-0.021502078565821519,-0.09059624183352534,-0.036816754821121206,-0.07203866710915123,-0.07176907095828465,-0.056966243725696655,0.0066612382579230031,0.37399520411960357
-0.017373071861324203,-0.0084668373626484283,0.053738778446492955,0.012953362786109028,0.0056472682795196327,0.012029059708401907,0.76436670829678777,-0.083828626818088781,-0.089538835438438463,-0.079086957266260499,-0.42294962830180016,-0.050573820841095116,-0.061798687211970849,-0.057088091006734266,-0.026191499678194719,-0.019600940940828555,0.44860470468569946
-0.0045575205857514159,0.00054463128467810353,0.077050884086196966,-0.27280089737027513,0.078082259974562071,0.047758168841903613,0.010080326371100111,0.87205070157231013,-0.045698005648848308,-0.036276306093974343,-0.086503630409138693,-0.036819271466790954,-0.062399471295313938,-0.073908540872507797,-0.068419872706489998,-0.018224048349269398,0.35221820885830207
-0.017021730794823029,-0.020617356309060156,0.044844982807247677,0.017453077573863912,-0.004361134810087262,-0.29597523015220523,0.0054191901988052725,0.050334276149518721,0.85441685597589312,-0.055222502010081879,-0.082401465398141957,-0.058786717933063497,-0.059482883131508589,-0.058167246344464497,-0.036893992731327319,-0.025810808929369457,0.39308226220746018
-0.026601645527425253,0.0062709412183346172,0.086543526077461991,0.029699820689452962,0.01794180597364518,-0.015873309396275067,-0.033912891765016773,0.020827458631222571,-0.0022587024962714636,0.89639941293843262,-0.13612690900515012,-0.067489775273506858,-0.091231070848760074,-0.10372859784962425,-0.088404018705635259,-0.056222625418709725,0.36337587987569975
-0.0054528146567639664,-0.015287133624200705,0.066918634712955075,0.023884941431640327,0.0074390898156683994,-0.0015539006884356997,-0.3597093801377832,0.066740948789591775,0.032424165914083529,0.040009501475951503,0.80733845841763097,-0.05216422719030487,-0.073692107426993406,-0.064532632069197016,-0.04896590976008091,-0.010836763924450328,0.43761440371389121
-0.044487231033546598,-0.012674823362568907,0.06910688348060505,0.02086914311906847,0.014906380729392509,-0.010140960295345867,-0.053671528241960684,0.016938753171829486,0.0021075600973533555,0.011311636203159003,-0.055985579107802955,0.88970762697227634,-0.096149057557296552,-0.10181350702767167,-0.068485981811298446,-0.017270609576847028,0.41195956410513052
-0.22491356044237046,0.12427086399898192,0.077504407609921958,0.11141195147273598,0.0052865263690004384,0.090071990595579035,0.025863797397077587,0.080905825616615676,0.053127528556460843,-0.033877513206062533,0.025484850278931551,-0.038881576020466095,0.84285025887400911,-0.0348537567292041,-0.032347317482982932,-0.10190995587548589,0.4135464678105964
-0.60747894283497217,-0.36082728421649762,-0.19830755010479933,-0.16720824641088794,-0.15581118588000228,-0.13076087398940373,-0.16724526303877701,-0.073492977029998782,-0.1094113580576387,-0.080411413945837174,-0.12319188528383429,-0.096510779429958421,-0.082744171813257134,-0.10259847124772063,-0.36803279646315112,-0.073407049927014606,0.39699320517305886
