-0.0079335076957225345,-0.65619063241431741,0.096830935354027883,0.12425352614297649,0.23909681705828409,0.27382039405621744,-0.060801184930750256,-0.60831516770445671,0.16851409021965302,-0.023938606458498279,0.084289218896007101,0.048195689774655132,-0.015785078186869674
0.32985460602044842,0.36025337250608419,-0.43341417260185,0.14808689739525382,0.056392971167139379,-0.013436198504750417,0.018179358342862138,-0.024998269376250753,-0.066261138030665107,0.020399407011951688,-0.45109059927689771,-0.55612308433005875,0.17250357452406512
-0.41432828511701159,-0.20202003317036094,0.31645894722911078,0.58179040935798754,-0.37002239240855828,0.033715188412054779,0.057897817191817233,-0.08648027745723251,0.065196671550503724,0.37699849813473346,-0.087373704049538745,-0.01648698936678266,-0.21383379914002129
-0.4020855747601435,-0.25540352256560733,-0.040061385674091413,0.056767560490461971,0.18949032280514302,-0.11287514858286653,0.51088120975822304,-0.017819973171815141,0.18520756194034718,0.28210143964352297,0.038771954022069087,0.35818150603260318,0.4632751862782396
-0.49426240331010618,-0.17157009089663752,-0.23683361876089856,-0.20604446567819706,0.053608998248382674,0.17882682042232712,0.28843793302858045,-0.2932029517672225,-0.16823194715439529,0.13947599894871521,-0.54255510887928637,-0.21428526929552738,-0.1888564590033984
0.10901085314300746,-0.22364385042541129,0.27489269964360424,0.37022996768877897,-0.19363217649548203,0.22208762200896071,0.079924212901110125,-0.060354878330285022,-0.14296950303454603,-0.11585413335157746,-0.2111002415617825,-0.17826778937647614,0.72000815153193942
0.52533276429881948,-0.12004666779193549,-0.085723717180222647,0.060746368144662187,-0.27388259678408444,-0.14864506252145859,0.058832109344800897,-0.3523564917646253,0.0045006028382565044,-0.67543967061227927,0.1270093640663538,0.007075642404728519,0.037839321158107626
0.27251070671968164,-0.26533612840747856,0.23251580927044527,-0.39788246967725016,-0.43410535211297535,0.1181623351563859,0.071141751560498817,-0.069537633402829535,0.43227275384998798,0.16234777149559773,0.30500531828861666,0.10189015170733792,0.33768000704910822
0.1098244956971182,0.073541893059187055,-0.58590253579191898,-0.13972779651277126,-0.13502674544577531,-0.091771085303804803,0.13813926447680033,0.13770655800143636,-0.2710845784533788,0.60860581290868421,-0.099265783978216546,0.3120041738124712,-0.062742652377945851
0.028351262666654047,-0.35090936083822777,-0.057497520169983281,0.15187175104879197,-0.042309132750662844,0.26370569291152646,-0.35577419799193427,0.44193916517765308,-0.48036716582773825,0.20760117998719863,-0.33419210903032487,-0.23839774247684647,-0.11875545727484743
0.17232307878959202,-0.4022539523929638,-0.46700383925480049,-0.46952941846303575,-0.11298108409020226,0.082101036572805222,-0.090961018799372892,-0.087664404684746608,-0.087691421271578557,0.015699183261011038,0.27890206670649581,-0.41865942539939999,-0.27107833969698708
0.061475962356392778,0.38535748167083345,-0.0033465217455055968,-0.18878701761787137,0.42379957583446776,0.23955922492721071,0.086486555580008034,-0.49812275711955845,0.0080680656344512321,-0.28707676276418759,0.18920538262802267,-0.24565674637349938,-0.37529134909515605
-0.049533026313949395,0.13815909875265761,0.69825735899234831,-0.12874846715575097,-0.41222311038055942,-0.13005060728893955,-0.43187219835266499,0.24149591266921278,-0.13857672416422023,-0.069951695056707883,-0.11038167193737022,0.036128945675216982,0.071119255363655362
-0.23049096582201956,-0.54060526686851806,0.13525900894012677,0.20768047821090693,0.02156232032624111,-0.29117584542297464,-0.13146974033815667,0.47759402439433013,-0.0037552295367352185,-0.33250206700668383,0.34088361755338636,-0.083942895482473009,0.16954424635129667
-0.14899154211667584,-0.097905568516303415,0.14516270098978221,-0.20912829838329078,-0.27716243923802392,-0.28591741229362044,0.30953485751868931,0.22754910398321748,-0.22816882454265339,0.44701424064473816,0.041079835547149217,-0.53749146333329501,0.23405894148912021
0.20917831949332175,0.17418229618016715,-0.14908483823088695,0.060095466560888523,0.25709815840637623,0.22002352276047218,0.483135821953869,-0.070105866676314632,-0.38669373910340499,-0.27960356133032988,-0.3571230528423886,0.41116687231709803,0.15138383171802045
-0.28379514585238325,0.086229436780145607,-0.44398795971733446,-0.19320343125090991,0.054952124924420809,-0.57226061741075196,0.37452898080424446,0.0084819334676319372,-0.25942906819995548,-0.34249725302102374,0.14290064899279328,-0.03896097123962055,-0.013405661300994413
-0.52200238579294489,-0.017401112504797492,0.2200684420125609,-0.11705479044099307,0.052383991502090291,0.03947790720258141,-0.029165571930094045,-0.21964732026764375,0.11226438508581724,-0.68544815803237746,-0.19668624876665058,0.19877471290427443,0.22592314470356076
-0.26040761503960752,0.15813593148443472,0.032634069004165253,0.092109296280387179,0.15879592742109525,-0.33463596360484915,-0.067045647675423106,-0.58869354593550638,-0.20209987336896457,0.14862610527182463,-0.088249700505830378,0.53832687550953273,-0.22104592093282405
-0.18172369534165372,0.32828840481397453,0.40740168561608076,0.17042473496683452,-0.22101534650555171,-0.16763829439838432,0.30683553265721886,-0.29294198088496559,-0.10038523060465615,-0.11435177119311581,0.57246949469150255,0.008149351309196003,0.23733481055558911
-0.1582797484497602,0.51495843026703225,0.030250470174478218,0.4442209817698311,-0.045864994978579182,-0.34638351567962311,-0.2726282726323081,0.028278983098078369,0.3518151762947142,-0.28846589395776423,-0.15351390651311389,-0.058049042787913334,-0.28352116324028392
0.37872487910640584,-0.56076131546376184,-0.10415609536785334,0.15206061643261221,-0.18766036031317532,0.028004408618753297,0.56455201569040903,0.14809779412522911,0.12126675043062904,0.096527588993425534,-0.28384095323316377,-0.061126283168289254,-0.15220179877405451
0.31290141572261415,0.48313128168110436,0.15717104920641475,0.0098810721309297144,0.50803827921917033,0.039693747274357163,-0.32135765236635722,0.21359689870959034,-0.13333237919954902,0.29870590402541075,-0.23478398302816342,0.20580146672533281,-0.17556517015601392
0.15007303913769002,-0.079195194416517595,-0.39960425661158566,-0.43230080635814744,0.1650742455355024,-0.06670578989899241,0.12709177524781651,-0.23367122624898296,0.52928576850040432,-0.1250065848832243,-0.24767094450301153,0.37239772168966556,-0.16246197676963769
-0.152031512836346,-0.10237299498524022,-0.395250599839785,-0.35996441967935972,-0.23718310116682451,0.28631704857338369,0.18959991252555089,0.51439128716915306,0.046076983227944478,-0.21201358631620382,-0.19973321411662526,-0.028260569080196293,0.39251000523983465
0.45075875410613514,0.039012640954964269,0.31362037538505178,-0.095396632911670567,-0.21626186391200847,0.20191864107933979,0.026677269901726083,-0.48005024395767043,-0.42003470875844762,0.27303090565541205,-0.2879335490510227,-0.1060708062881347,-0.15493314862567789
0.26422546407964914,-0.52830693051262823,0.084334291329673489,-0.41995143549488889,0.13062760400236242,-0.40663520882199178,-0.16201195598043486,-0.055182517832160133,-0.22026069946073909,-0.0056727739675298755,-0.32354031423002577,0.060026905148950073,0.31475060275505684
-0.3599498373401625,-0.19995029726990565,-0.36167298641149748,-0.23436657798521937,0.55916446497088712,0.24273677229927276,-0.2172801000905249,0.11623916203509969,-0.27805665093672383,-0.057364119489227108,0.1681764959623552,0.32095759470598295,-0.022571493463839055
-0.24785779621219345,-0.17531765266285779,0.63623175037731672,0.063097261726873119,0.49259081238910601,-0.0059520049840456326,0.18752110201435748,-0.0025950256597833069,-0.45891645905043782,0.038068161720553599,-0.069574477704347687,-0.064062160077890645,-0.014423127185553386
0.34726253028169757,0.40526164664726944,-0.049326733091722863,-0.33933173956584828,-0.16277691403394504,-0.58553611850669585,-0.2701185959909787,-0.23297385341564958,0.028440908336182534,0.20067563281032927,0.21195089099477818,-0.12247068729753303,-0.00099515808316538441
0.47583606716525073,0.22929655632702434,-0.14560845127936548,0.47497434018648088,-0.044045247705204585,0.12377864093933638,0.14452930691923169,-0.35879167866377315,0.36253569936904823,0.30365969258417069,0.091889921835625749,0.25909017949574237,0.09003630058582783
0.42779463207677504,-0.19917638378150712,0.050886772519217222,-0.18563520210937315,0.34782667405570822,-0.20252533250327254,0.3564209358345512,-0.091320960106589577,-0.14675300029824256,0.1146464478064952,0.52547514933605433,0.32535983912157973,-0.16196269234015728
-0.44148624790462898,0.33632027513290563,-0.34395425798468104,0.12153809844733053,-0.22191156228734626,0.3821042612840308,0.30512288992183828,-0.045445755887167927,0.16134995146092698,-0.099335211305597276,0.18862568690639431,0.3545490772936194,-0.26702590290599276
0.091628234721767926,0.15122320222995506,-0.28733589939223853,0.25923180850505773,-0.75269264701238148,0.1058545026332272,-0.24531491269836925,0.14466864015829026,-0.12209337786723994,0.053460990955536941,0.31113819327936665,-0.16599541336998888,0.13411419987103529
-0.26316950398842898,-0.12022113905118922,0.04623075759527713,0.17433593747546094,-0.11187457653760995,-0.28441971515027936,-0.39715455703894398,-0.43567558522869498,-0.39436043838460433,-0.18430221608945746,0.0020217034027736561,-0.50310631758408697,0.013979219348206147
0.12017466111013629,0.25858810082624978,0.017157728433627673,-0.28147224014915101,-0.33831690506788675,0.26558888907231526,0.019442018562487149,0.23687689394031475,0.38363534038236818,0.33473106749864295,-0.23366465455154084,-0.21125516493728586,-0.4891174875815944
-0.081261561616421604,-0.14501908102262365,-0.34537247485613143,0.46504011921565724,0.15883790485362431,0.22598885535303267,0.37246329097897929,-0.11491996937458442,-0.43148727013816018,0.16616186700065858,0.33870127305443715,-0.28030025171595385,0.038830488118136199
-0.083202990097234364,0.42758148990624184,-0.30204754774020398,-0.12657506564629201,0.31712088502916269,0.10603913317628261,0.051541809685851717,0.27963875837980434,0.28785173251920226,0.33471243370105297,0.4436429800739457,-0.22231457091564846,0.26305725872928815
-0.0065969917325890762,-0.16724257051548985,0.16301583525259125,0.13200387181067433,0.079347608787644824,-0.047808260779189572,-0.42616597500037429,-0.09263951284456827,-0.26625728408668375,0.58881316656709115,0.3936598656907131,0.13650795887919359,0.37149647109928252
-0.11071258957502211,0.00072316485066096332,0.056884690166665697,0.426006640960997,0.43061310671404962,0.56723450734904057,0.14872721014567944,0.20882559486937416,0.32817963758818597,-0.054567092599374117,-0.29874913447606294,-0.1602957368859155,-0.066999377429985407
-0.1272156784280877,0.15959261978393699,0.18546170242836649,0.18185647825910847,-0.32896328521376517,0.15566210685324569,0.37212759749788882,0.23217110259507137,-0.3045959956959457,-0.47890537049227655,-0.15740039923818866,-0.3910428483192151,-0.2573522323770796
0.24832877537991976,0.039005315044122219,-0.1644676030851509,-0.051113929840063903,0.072697318828400539,0.32675816441359573,-0.70579028216072415,-0.05252524940053057,0.44435694455908525,-0.21982305718275091,0.041584557942154474,-0.15097389268184652,0.15458620138179985
-0.55642980844477452,0.47522064688660287,-0.075069668095732289,0.20240076679415933,0.0034036172449364382,-0.029739102947557976,-0.095906184543110423,0.19331674558106968,-0.4181170700408699,0.12185237977494091,-0.21117790364879813,0.048444783966901064,0.36588444838540995
-0.086306814100477885,0.14741115847268249,-0.44467515311897765,-0.24314429893642048,-0.093220150516941644,0.18008202489176403,-0.032068205238420043,-0.59419280981682399,-0.1163452710021079,-0.0054345877812697193,0.12164006713807088,0.049578671999619815,0.53659373611201089
0.42832830640931313,-0.1245878982289213,0.39108957873112188,0.29831640893600492,-0.028009246735096208,0.13251795572620598,-0.049796943647140199,0.052013555448671381,0.1519956369544187,0.041187374413309052,0.43489209833038422,-0.49886398591894499,-0.26970876880434796
-0.20327523594203004,0.32394262956828024,0.40452900480300874,-0.049941813327250659,0.18347513831378939,-0.023018791524217902,-0.082397099687856371,-0.39672797441810304,0.35863417059838165,0.33856114266888426,-0.29086577129874003,-0.27458280680931957,0.29323431166196728
0.018320807976482362,0.090513059850759539,0.20505858173711253,0.53105851592080711,0.03663383128083509,0.39138777319440538,-0.36334390698689983,-0.094716033426478857,-0.34491917249611581,-0.33598689792061409,0.20117665011850608,0.29301797079527869,-0.11702653327749113
0.32050590327196282,0.04529836654746585,0.1202702562475787,0.51105990358480313,-0.12629476798006778,-0.55805096639520413,0.09491503583341572,0.15980727424648239,-0.49108069082376499,0.054005052568253296,-0.066505120476251511,0.095696502832029767,-0.00091848581450482136
0.07405792575378678,0.19495703525081662,-0.1202497607055488,-0.062165037966678084,-0.13925390570729751,-0.23533892150555563,-0.17381424403053847,0.22669939050268539,-0.0074381480622048388,-0.22128138357492444,0.25496966554791506,0.73165817084043705,0.36393492792141946
-0.010684144909992314,0.31052390740439578,-0.32663192557774795,-0.32502489949344199,-0.26089091999821429,0.067346996112056537,-0.39701903332716837,-0.058432254912871975,-0.34682594064859529,-0.34732529613463248,-0.32360726087423825,0.15316860706252033,-0.29730059653090468
0.29752421824878289,-0.29114658395242254,0.3302626784527713,-0.408494618346876,0.11853479868335341,0.46867515247566793,-0.023882895429771123,0.21967917788531502,-0.018360921144728943,-0.39738940757003427,-0.077148177721115027,0.14390054129015722,-0.28865344877590055
-0.45972378304726086,-0.050986527405418376,0.24137686939224259,-0.18630285967721805,-0.12818497457120731,0.6549889399393044,-0.15437118181813506,-0.029489640035225445,-0.076658989204154815,0.042611311697308779,0.29248657779398596,-0.34461266164284809,0.10460525638704515
-0.26535352178664351,0.19663796144903109,0.070804901296392789,-0.042233637992818214,-0.067155129405553335,-0.12795286942974105,-0.13120201680150842,0.20193599428445422,-0.43748776065095329,0.2141840344299184,0.45111583262877819,-0.05249770701104154,-0.60143021054137591
-0.12239046161472551,-0.25218575586137748,0.4197421443113723,-0.32224318176020716,-0.18090208550144424,-0.39742928810880029,0.23512469426270929,-0.27772174839949654,0.18200203922575917,-0.13656121448555314,0.014188919511721299,-0.14085091881368242,-0.49648381063332891
0.28238898463568318,0.19264377360240584,0.036678903655730372,-0.26007985373037235,0.11747741295809933,0.071393055966667007,-0.10964052877495049,0.22396372302915782,-0.6295603915845398,-0.25842855764917955,0.32443978287504566,-0.22905821282881228,0.33499077023566592
-0.23014879227436455,0.37097228771769458,0.22330252214596083,-0.76061792816244134,0.041765300464154977,0.050350886300342221,0.25792187631273061,0.0064394389695256928,-0.14112392153879275,0.13752768356259221,0.021322934200402141,0.26385912095797853,0.035448627336681693
-0.030829279276745961,-0.18505719165459883,-0.23438761625557522,0.20626859000876135,0.46040744506845455,-0.35151187512258764,-0.0021693527659564396,-0.064384106406933206,0.26595301279086891,0.44108359800715807,-0.023225802652886519,-0.23639479268613528,-0.45379047041629494
0.35370321502481811,-0.36098918684739945,-0.0088172049950678202,0.083066196014079732,-0.30130059636581824,-0.15042293413389718,-0.4542757451381701,-0.0033016633471765517,0.10926548965445562,0.14891952929716629,0.053443551178853403,0.39489652937923353,-0.47423748168691998
-0.050458684867294511,0.25722564266849646,-0.0058116328931843604,-0.038260389988568996,-0.63905575619291433,-0.28530592026258284,0.33278817805985805,-0.18708549661782198,0.11864153547808931,-0.013006873720627428,-0.45694620981733886,0.18517831263690782,0.19213208048865474
0.11883439658988097,0.069826910918827187,-0.069916584202436335,0.31006116646082377,0.67331223207214963,-0.32807313233956942,-0.11859474354575618,-0.21106166497551185,0.03611687429746295,-0.24433910798011807,0.10701471497490374,-0.0010947573409133078,0.43350187468192181
-0.32910781576450071,-0.08724510761453641,0.089458622318491443,-0.022156097668608456,0.011066525768281314,-0.23180760223305946,0.1446285158393113,0.51552388246861813,-0.040806571860305292,-0.074919252796725677,-0.41797542229940582,0.46124865134306103,-0.37458142350527068
0.35780024045355563,0.085379058493793319,-0.48214564917087904,0.22378433138392625,0.1414874301034211,0.049033801753201302,0.020571453884851362,0.55709295272443204,-0.017369477748894305,-0.30088639737288819,0.18799221498720256,0.052690393583262232,-0.3464031288540389
-0.20401878469205925,-0.4586957301402676,0.027371242944712576,-0.14208163650846678,-0.46272125061889668,0.1079838431537555,0.20325813950974811,-0.11192813593079455,-0.53054370737466083,-0.11421172183052249,0.14933298578569565,0.36112669801731989,-0.013826269244317724
0.35624747970776688,0.31337239254251886,0.34175110836981304,-0.11488703693485205,0.18166393134146941,-0.19628311567167395,0.47904581378867123,0.26267889813060302,0.42219588162001248,-0.26588955277125675,-0.063246353636793776,-0.083189701880168651,0.12252118310537187
-0.13648479171367264,-0.062734348941814233,0.087216095458686249,-0.075237806267937316,-0.14053133347960214,0.51569251368784663,-0.25977357835293596,-0.07472059134653708,0.08375068438566817,0.26074916154644923,-0.4305264945587825,0.55643476622835775,0.18825145731976964
-0.62930219808877652,-0.15081268176356444,-0.20805300441354024,-0.32826831434725307,-0.34275642697347636,-0.27665274108441779,-0.36843052153558548,0.0039390772527027858,0.21096010250605135,0.19807312572984079,0.069441040969447351,0.10632732371282685,0.02341326153466558
-0.27805385479048617,0.022973435542687565,0.4691769610805101,-0.0054101493398344205,0.28242611370420484,0.075315025869454252,-0.1827454402268987,0.097556517522973396,0.48532871494420127,0.077766910685921425,0.38372463866608492,0.37950134220848453,-0.20197631224404672
-0.182193297778424,-0.31350520461149378,-0.58361826524640759,0.50072741243135488,-0.12435691174723357,-0.10609682245254518,-0.14387730371789131,-0.079348659859997242,-0.017766738871806954,-0.20884050801517329,-0.31968982063396278,0.25032777070733148,0.12111239925666266
-0.27854877008957529,-0.13771998787966164,-0.23173836320797364,0.17520202568592014,-0.22126481167127471,-0.03559772850750121,0.26734521541506262,-0.18488141499258745,0.55107531500028317,-0.20364519142851201,0.12446850844325966,-0.52496176686582607,0.16411221404833934
0.15155590748357672,-0.061650442819463781,-0.023458010453548409,0.20621897104830783,-0.098343320874977033,-0.28452864727014709,-0.22288808596716717,0.4921741240987032,0.43834590756772707,0.37934566676643167,-0.30615136484573974,0.036456268738306909,0.34132546499306016
0.13113113665379697,0.11265241188826236,0.31181128412056125,0.1581328541539557,-0.14680336738596442,0.38014075455629703,0.33581445467680471,0.57316089725153974,-0.17208516786380376,0.29024692516518602,0.22226817981795174,0.26303532812695196,0.089952700906056629
-0.25862330637626385,0.089111959113772912,0.073372049237298412,-0.4425850774918737,0.36354677849253841,-0.18351766764601884,-0.26100809188021068,0.35131197212309501,0.072639957215165876,-0.20551762705859544,-0.21942442405604456,-0.5032129308113632,-0.13279053210050873
