-0.083171606483204305,-0.13984815281390955,0.38022034802065219,-0.18823414274387512,0.080127657359447213,0.11513512404447453,-0.2718924724209395,-0.40357737944355199,0.21879039679121512,0.12877251208155108,0.58918090296106063,0.061562203473195631,-0.34881653854052164
0.37752148889538423,0.11174510226984598,0.036494591346224008,-0.34377385545472844,0.26194418611230891,0.0074943086861134454,0.03855491162883537,-0.23094550799887753,0.30134346969152248,-0.4286665072527337,-0.15680258765711763,-0.065238373305921055,-0.54642387434969719
0.15756313038267897,-0.50831030995845883,-0.21193951524264712,0.11599703842391558,-0.12977215477609963,-0.086137497912933444,-0.17366878133276092,-0.11679466732379826,-0.27693156478235337,0.6803733568156124,-0.039409356130687169,-0.16199916011508894,0.15153440400366605
0.22561460147423198,-0.33869286177665281,-0.13543964829503938,0.32102815679822916,-0.19128636962859399,-0.13063871541426295,-0.089732189502252035,0.1847733675638944,0.25551974913705416,0.21977450047632455,0.1166500364748547,0.22456081747957107,-0.6629526708715392
0.4106263799363653,-0.075617243193307315,0.71600883108055913,0.26633616106295249,-0.012958580038635242,-0.13875278322517437,0.17964939566835111,-0.18039877787171776,0.26718586356713481,0.21267578119255801,-0.14893119634270791,0.12601127571583692,-0.056106249549887251
-0.089297068631785034,-0.28140457393763768,0.065324122704169291,0.05811143741561299,0.27822655433290894,-0.30181587583513603,0.2432937979624151,-0.19188324026067094,-0.021745760443787752,0.10928783968569145,-0.41130841843902832,0.26059893660921546,0.62544088436242462
-0.46249705361295729,-0.31357092612070153,-0.19182229455720431,-0.28761122741642042,-0.065180179650899409,0.53443871927520903,0.29954574814940688,-0.16117791817123325,-0.16003828997881792,0.16462446535596584,-0.23056736677899894,-0.13894746022608534,0.19363208842016744
0.14971092526869351,0.30255881114381328,-0.051113381576172651,0.56287567953521944,0.34772394030935361,-0.050789273281873111,0.13679211021109045,-0.18498488205051961,0.43719406167208241,-0.34719200183379367,0.0074174960341766554,0.019613986455126849,0.27939140628742964
-0.24408629723122655,0.20464448655305448,0.54018601674041078,-0.46450722839136888,-0.054069789627189752,0.10670071410469643,0.15079710654875741,0.021337472625344831,-0.057674470889935721,0.37451582066240341,0.063087656908234271,0.35927702389979188,0.27716871977201502
-0.014215195639420905,-0.10942764848055472,0.37563339550798919,0.44120432282150651,-0.20751935932745835,0.31437239180530618,0.1050054715837351,0.011201071459246419,-0.18365362546608796,-0.26651721350170254,-0.31959374128024581,-0.3299812956342556,0.42805142588334077
-0.34873650875687728,0.18148533673050185,-0.062065074398309834,0.17386910974003922,-0.26782465405986622,-0.057660505138646991,-0.2737497121379967,-0.18475375700814192,-0.68288067716186585,0.08701863792062664,-0.18754758595466189,0.26458963756731069,0.21944408977823271
0.35456933199063473,0.28653694472601537,-0.21692515315423894,0.051819153459017935,-0.1717638459642182,0.38422382929147286,0.40356831328509846,-0.12662159678674051,-0.11263122838913774,0.13935373238821422,0.034941035722928324,0.21471720497148369,0.55405291166010606
-0.21774590489465648,-0.27240323654479032,-0.019669626763788792,-0.2985137718499184,0.097670074179849312,0.094610292731627577,0.48275210454383827,-0.034467133067925849,0.52147580898750123,-0.25944720469268456,0.2311800100339349,0.37844769796473976,0.015523347571706408
-0.095355415451347195,-0.070078403436510103,-0.28741504667687406,-0.068840882089139563,0.051552336320913682,-0.10596441785289556,0.52063697979010115,0.35161895976998581,-0.30905964434594624,0.43736661125905468,-0.089629631501364784,0.41540526919574244,-0.15054103181839865
-0.27501340471748725,-0.51052530279360142,-0.19201241329395341,0.16794193364231255,-0.013819988224901721,0.057137579055018345,-0.19452322340370171,0.54533608233318365,-0.38422784636042895,-0.16868077035594556,-0.24743449619070748,-0.090254333260365666,-0.12049043763703034
0.1532218775431109,-0.48497311725881914,-0.52771442498433452,-0.39789463207664616,-0.05293757107609965,0.15366169511044039,-0.082122609456788773,-0.022172395503225216,-0.010484878338148346,-0.14524996789450484,0.38652765052116944,-0.2333930050309688,-0.21398138438320999
-0.15283833564372956,0.42080814987249726,-0.18607576771148768,-0.15847059179078835,0.35360335366346113,0.45841033436036416,0.26553732661933055,-0.15337298382310433,0.050320376629297475,-0.14413857752826842,0.44307253399236018,-0.2950021132407829,-0.062988308203203544
0.24024945473472406,-0.090691146808750192,-0.33233090983113761,0.12122221627625437,0.14299128273381873,-0.20764317968723617,-0.17477236320371556,0.070385975775929921,-0.37288407941550022,-0.35311491035678633,0.21892665630532346,-0.20450859091719437,0.59696697840838819
-0.33386887594379583,-0.023699851706844941,0.060966314087953638,0.41596259830192717,0.056502508539184149,0.12648575907402787,0.39834241706623119,-0.18684623840580608,0.25936786513091303,0.55923205935340226,0.32324151246022703,0.01146337495184851,0.11755878227993896
-0.27775390543797479,0.11939808261528088,-0.080438538131026388,-0.5980775935382302,0.073464417598563023,0.099518936117563031,-0.0094921115455713755,0.52597165531169199,0.13848454382507472,0.16136895283052863,-0.12941257050062324,-0.25756386045031948,-0.35226086139524071
-0.11680276789013602,-0.38718887507178296,0.18183114217174315,-0.18666750100394111,-0.032386120315306959,-0.2678897897217884,0.49923618396414554,-0.18661081111683619,-0.046100949448292711,0.22725428758103777,0.0077765015899191924,-0.38638997469792247,-0.45665403810789595
0.27746662459997584,-0.047024966842742551,-0.22679973784095828,0.24824064204097596,0.3755204555654903,-0.18567445695291387,-0.11798607217433012,-0.0090229104400498319,-0.30924373555572349,-0.31900610621697462,-0.25870314503279107,0.56965615334835651,-0.17150688192141436
-0.25650935490362026,-0.16623015198207036,-0.44235447495569957,-0.00025511412267412945,0.6766973622383311,-0.38457858285314889,0.17204086468284918,0.12740985448144976,0.1215063567825504,-0.080057145676644015,0.021624554950740643,-0.17162079068185726,-0.090262648694778236
0.40389334256341203,-0.14832859180824343,0.21948000984709118,-0.177183756104903,0.011454799664997963,0.649124896480895,0.24806009637653453,0.15976901716805408,-0.12723952754679588,0.2894887404408204,0.11336858042104138,-0.0087439298719585393,-0.3373817201015859
0.099562427083731267,0.52840289222517745,0.39466963596945226,0.20792098896353248,-0.14575804043301571,-0.12341216276579674,-0.094168141579520331,-0.23145784044323045,-0.16961443632629361,0.10648861948935243,0.45173867635015258,-0.27432773727307463,0.30583277472150544
-0.16118608710065532,0.55001155754886377,0.077604566822333979,0.18781647266478324,0.26506137436277771,-0.05077265020241746,-0.28374757977847936,0.1852166646010317,-0.29296534734558272,-0.44867171238277281,-0.19486535345875974,-0.2997700279467343,-0.16609022775766044
0.1399211910226652,-0.048919721297899059,-0.036567236698332797,-0.16437965725392478,0.53746353768207089,0.44928163961113782,0.11483863491032083,0.40568710403219688,0.064424520340291058,-0.31240799953086035,-0.28895353923620815,0.051180096427392567,0.30547876370931404
-0.20483212124915604,0.19674621920860544,0.31468864526774259,0.27413259924038497,0.028625828179400101,0.1314306916162658,0.55539407893826065,-0.31962209238100719,-0.31651446219050899,-0.27820169833310954,0.020362771415666125,0.29063185923135354,-0.23234384544980291
0.33391549003569815,-0.019454385323477038,-0.28030680172995975,-0.21401988435562327,0.1852490643359701,0.083720642430503214,0.13498945543433216,-0.060229945266632973,0.5981312612964983,0.52703165855573286,-0.24470767662880422,0.071722446533314929,0.0044795112106541662
0.30387011197417968,0.26606633230572807,0.27641253670892901,-0.19311663124407,-0.31344934717646006,-0.29618752317737018,0.054261786330756595,-0.17208023766386862,-0.094453200141836127,-0.54937694169725526,-0.21617845061524862,0.24236513839154944,0.29737153943185995
-0.080963312479679583,0.10388742604840392,0.084868799637345796,-0.25731969718158504,-0.32773903688726652,0.21454595256967546,-0.11223745697916616,0.334815502968491,-0.15810543898723831,-0.32574787724702708,0.16434436671011415,0.58050274230717991,-0.36877253304311641
-0.36575423858995332,0.44031752869466489,0.039050378833536577,0.082007099671947942,-0.16064837649747762,-0.4081316624537169,0.17111896617592268,-0.047907751280005316,0.41014415357845407,-0.16402359511473977,0.25952455894507631,-0.088188873268727902,-0.41217201005736792
0.61268376269908997,-0.42911366128495465,-0.17871139190850524,0.030757229717563946,-0.19387992560838685,-0.1020395374076199,0.40843078106077296,0.19950062832232132,-0.028073150181558655,-0.14362047785378981,-0.34771799145226168,-0.095142951482927521,0.040045989337241718
0.38697572482127429,0.44068813294338532,-0.099416081070683129,-0.51596224996933915,0.16305773628352113,0.010245077812704199,-0.16841207177792608,-0.094904671728332043,-0.52525075281074929,0.092538331985361211,0.11647113827834089,0.11472890202462029,-0.068563142203645441
-0.35587696296944521,0.53502391830978846,-0.31134300940007092,-0.25551720379303294,0.15218307218549151,0.073191063476178486,0.1101674048452832,-0.18068840250786652,0.12645440321878765,-0.066154078791811052,-0.40096213214416149,0.41165492648363489,-0.031276506482543036
0.045893381590464619,-0.12618441573234307,-0.39094340320296694,-0.48746185519798491,-0.32298157346433537,-0.017083842179923238,-0.26115307696850587,0.28001095916312407,-0.0077193818995245893,0.045153850065366305,-0.2828991952098811,0.27289859542531991,0.42859702236559682
-0.2510087775529895,-0.10899886213842457,0.34815644526146045,-0.28635860227503723,-0.18223609408212546,-0.51187295507593422,-0.16984995667359795,0.20455640588558238,-0.21021789843071736,0.024628424434154278,-0.14940212254036847,-0.42968855562962904,0.32284990615635045
0.044945286354866387,-0.00310930887708638,0.3421487529982043,-0.24590427626368563,0.08617475659357178,0.055467353809367577,0.092309413006625263,0.0021056461479451068,-0.38715407718118094,0.040677291359074504,-0.77798760317390481,0.020852664092065567,-0.21015453333095932
0.26721150252824682,-0.53026448194867271,0.24662453586339636,-0.42711262643524683,0.39153483068603723,-0.2623544673443578,-0.13433492644531692,0.26603318604224668,-0.0060735585941311017,0.17289128765376247,0.0040792071241807894,0.23368747811072238,-0.09308626761357211
-0.3369589178603738,-0.02709765828879776,-0.2844080114855167,0.12945286698121169,0.17997670597045473,0.34881110121782949,-0.45515789088659875,0.12868291424384515,0.48734666729947257,-0.31860244858756209,0.039296040077268349,0.062376531384992474,-0.25659372739052316
-0.14187490840159725,-0.10064869101004659,0.29292624803780587,0.071444411778920108,0.55082183367666271,0.089580978994945923,0.1816360387840345,0.090256952447766894,-0.60492018731244912,0.23755078940616015,0.14013656959919882,-0.23847799412882811,0.16551442809850125
0.44003470834280128,0.068092127015639617,0.15337819539473407,-0.4518137915195018,-0.50600533627310196,-0.26977246873597044,0.066808046836097229,0.16173490999316789,0.22312271068711909,0.21159140571602794,0.32283694970872595,-0.0948808078179601,-0.082773983946623206
-0.22691493463974174,-0.19854184583548351,0.48030091051415763,0.39898532532770536,0.24610105949408181,-0.16570997893344888,-0.49241222650335015,0.11766657375105113,-0.0068479840382423907,-0.16963681930172106,0.15188841818460003,0.25956099652601283,0.23580965541549762
0.37827825667523957,-0.25704540523633801,0.31418039376169454,0.1455713999146096,-0.16965494636011674,-0.11529315170863355,-0.34368912763044823,-0.23997281469603537,-0.52916846858747257,-0.22118682953923241,0.061520359610280996,-0.1916581459130744,-0.28928862184011211
0.50243927520714837,-0.084392888616044673,-0.064683690653216636,0.11115003417575176,0.29829397585128709,-0.22243606847228461,0.42089995474641351,-0.15253238403174099,-0.098414484877756434,0.040969062973121563,0.59181607823088522,0.12438197526169945,-0.089068980564570174
0.1954025329226417,-0.26625336703364888,-0.1152390867802509,-0.31220656353367032,-0.28949451738403398,0.05249959639782039,0.09974445728922221,-0.59135386518966016,-0.10066949959025334,0.1162287708797156,-0.14529207675224573,0.50115665194611447,-0.19506696977809729
-0.011882189700613529,0.090593549517691843,-0.080904055874230371,0.32449853411847024,-0.68430953727306842,-0.15990082081762386,-0.46497892678452724,0.25205443459267834,0.093462793223107909,-0.26434619963471367,0.09678346804406876,-0.10965289202752769,0.078849213085433092
-0.51816948665390083,-0.16460052191649946,-0.17041084779902735,0.29119715737804674,-0.02707969197861787,-0.033114667758770901,-0.2415939597888194,-0.32498181602304088,-0.15031399307637278,-0.060295102386252061,0.23671811518852989,-0.58486035101866529,-0.020827975035655241
0.024009830819014175,0.22231747021457401,-0.011328858589760666,0.17808788401272968,0.42844023999576192,-0.2657579676368596,-0.0355181802927673,-0.70023349646248734,-0.12742898626440022,0.31423922383419883,-0.14537225022680519,-0.057087367592736277,-0.18166317918582442
0.28191659881334058,-0.023652245337402272,-0.04271894495651285,0.27935777702754777,-0.46936536775499588,0.26401990134631753,0.25919335164771512,-0.4603438878921714,0.25402771998404639,-0.15383590281438678,0.22501696420909828,-0.29924299924311165,-0.20643475253548477
0.28924295991536797,0.054753514490641558,-0.42399718627638316,0.069968472166665338,0.047300325938675544,0.45931711882991666,-0.34388187080418181,-0.35947964948925498,-0.15879780570283702,-0.1446920998741005,-0.41624299214054555,-0.21851958673089594,0.028633557597717144
-0.47644973794905199,0.037758113755378069,0.48171135480239308,-0.060885337513968379,0.42119586867688785,0.089041963797544796,0.047499414253028734,-0.16506012838100434,0.38421213236577562,-0.039121945852266332,-0.25750740070002592,-0.32370227890761832,0.027183282576609989
0.070061500208596847,-0.69888762101695157,0.04826209998208833,0.34625695524898137,0.40400970934979008,0.29595007820969915,0.077803961208846403,-0.3105338142958462,0.0837948338461042,-0.10297799169856973,-0.031010407022856082,-0.018500651975678833,-0.11045093644624136
0.014378898674913461,0.18782324228544725,-0.1595314478543281,-0.058102498849419003,-0.43870206397643768,0.097973967969379211,0.3547483519790724,0.25866524954998332,-0.56186480895164337,-0.055918653421598553,0.15059238237236908,-0.44095689659691328,-0.070263647685282621
-0.13507513646002528,-0.14788918609513776,-0.34974312832820043,-0.11234587918719059,0.45982398205809216,0.25874461852592484,-0.23032576152172896,-0.13682450867970733,-0.080164519410128046,0.25314550068839725,0.33244536019522897,0.4554778077495909,0.29375997602914672
-0.2454748441964405,0.37714127708336387,-0.25243319510636747,0.099848261792080201,0.21650373746478374,0.065385892653257047,-0.2206891228264205,0.1314802179229817,0.035831582938658867,0.41996176261604212,-0.21105122027371712,-0.32981251762939923,0.5250749907578629
-0.014663733187019783,0.32926720904071471,0.057904750440634124,-0.45130751737614416,0.32453552484622339,-0.25784390985318739,-0.31782603202630655,0.13202447069794562,0.40197597644596655,-0.20673250816489727,0.28202570150322198,0.02925507592967877,0.33070929384524744
-0.68649065510393015,-0.33330426129589008,-0.044464228686661854,-0.14056572276222473,-0.062910524069696286,-0.3071354594142135,-0.20895988034756247,-0.069323931932085039,0.18385262131209534,0.31913913860147092,-0.11226966408333831,0.28217176244419667,-0.14582914339064146
-0.090797045796786963,-0.44791136615641119,0.18715784405153019,0.06450740306600318,-0.47295157237535335,0.060474307267536616,0.14536799617269575,-0.072647281117532325,-0.25668178693016558,-0.064286660604713899,0.5334213159462603,0.20863099868437396,0.31639961930136196
0.40302163158000531,0.084928320213739722,-0.044065008757164133,0.10505926017219212,0.28022418916529046,-0.05782629585522623,-0.18689428848829376,0.14541277765026009,0.090282274685705891,0.25215041249701775,0.16750968596803853,-0.71320316083866531,-0.26643719885211253
0.18938809074399007,0.48068775032408856,0.15987659280503641,-0.18144614807447637,0.24720450514132658,-0.30860324683782647,0.59464392677707811,0.18833504514808366,0.058153595431574515,0.08828215538784738,-0.16773237740070185,-0.26131710289387688,0.14688202638514614
0.097751090552835096,0.09642571018118995,-0.16203189994336131,0.69447141007063518,0.033326196891798721,0.43763252649104312,-0.13090164431497842,0.11639623887329541,-0.32013219330898962,-0.022679910157437401,0.36693521242001742,0.066303092361714416,-0.085142189709866659
-0.036365547554558744,-0.033171289568169442,0.040116891887135138,0.68666945701547821,-0.039550298951644317,-0.60087191166221843,0.22702184661967398,0.12173282494010673,-0.26440513689629713,0.074887476927548255,-0.054337614359191218,-0.12663404968411646,-0.031254678260640448
0.10220838405599791,0.29391451621566811,-0.065795731229754406,0.21124873964880353,-0.18061177764235214,-0.44229138260269196,-0.11035660690905669,-0.037568045323539107,0.20970570259246993,0.28719145946661462,0.16996122855976434,0.64432140402637417,0.20466574720513039
-0.13916010447668548,0.30897859261344957,-0.42521583712583566,-0.11087403203447339,-0.44033120377423973,0.34955534552121881,-0.21801312929927846,-0.098369360695477248,0.038920681337524327,0.47509177579632256,0.2184456773804056,0.050831645110308459,-0.20309846444601121
0.062470630618631055,-0.061466423443777694,0.57644012732688321,-0.059829338380987876,0.068404665466587453,0.011769300923103613,0.22358643655071778,0.35819301503398621,0.024751307980597482,-0.4803769451367752,0.39599397579713963,-0.26177317032778713,-0.12897528991331628
-0.12294904479430403,-0.002030126184248819,0.17254219089810904,-0.26742724632080567,-0.075609730622649904,0.53385244341075,-0.53836676076221801,0.22008072048178703,-0.23878275265372642,-0.070679205732381428,0.26958927417324502,-0.23684302020673217,0.25261822950372692
-0.20081588335985079,0.043444547780285982,-0.12734536285760778,-0.0372162934869813,0.03060390179802417,-0.36552168700389115,-0.28122047430884806,0.40277418909068158,-0.28962153120104828,0.20915055444818456,0.64076770620667867,0.0017072721993020041,-0.16161126017634878
-0.040708662778641831,-0.52883555521861181,0.34101505312389102,-0.27059268126499969,-0.42644094958752338,0.22906526566400562,-0.18098987594241386,0.02748851207110398,0.33181063944895522,-0.20150429506923095,-0.25611374544316096,-0.10805424073174025,-0.18263655401877382
0.39132607139182252,-0.20767434072188848,0.2528828804280987,-0.43177152575424543,0.14195975059095234,0.12610383163066222,0.097194155716713845,-0.43206993805845045,0.0040066919676073585,-0.001067602046698273,0.028913637655374375,-0.41962104859317173,0.37978674772872156
-0.0016033375912541559,0.072435149583080671,-0.48236224999016158,-0.16830479280544125,-0.23111985687053235,-0.52148929584611814,-0.18328795715540427,-0.075414179787928221,-0.21539647265040132,-0.039388089532909565,-0.33902116572494545,-0.16577833169312037,-0.42277253830827993
-0.38029389925291307,-0.20858950742971227,0.090918262778480002,-0.45197166200476896,0.29207886943778616,-0.074683226565379665,-0.14590052753098706,-0.28257012426972816,-0.35509276289077113,-0.51862554497379498,0.039422561860474305,0.10133322904439707,-0.020397955886803071
0.17070853544499259,0.1485786459814486,0.22203368097645515,-0.14055727590025988,-0.067043591237171338,-0.10802115086989203,-0.78752239274092184,-0.077086468317676612,0.14430848616129718,0.34666905347402871,-0.29437149023189413,0.022457005449581555,-0.096266092633513461
-0.26473128129194817,0.059138179469462863,0.040403952369512039,-0.019086974396885562,-0.28096551775388617,0.21012795964911085,-0.30950700483925347,-0.55463299555901735,0.35469078522990266,-0.074905650987196343,-0.0024034787448542119,0.11930467505138825,0.50225462984376634
-0.47703498751337547,0.28505312217456141,-0.0172226718372934,0.17021190421506222,-0.080931715052530911,-0.070654222150394713,0.28754435954700608,0.48838828401017004,-0.051012755066022104,-0.2837576093586287,0.12405871308390858,0.19934539100894202,0.43694045124399306
0.65619603167945129,-0.18262257305854426,0.037042826933549038,0.041467174124066343,-0.051917884106865334,0.26985867039850586,-0.37328227985485013,0.0010301449881284903,0.29007942834682554,-0.22908729073828382,0.23605043581575538,0.31529596397300275,0.16231377407520642
-0.18862055735479605,0.1574296036532295,0.03553376008804518,0.05414511963663983,-0.67613538278592256,-0.16664484751709255,0.35404657778545817,-0.095457338195456667,0.1468461399459805,0.27622245972465775,-0.45508544798006167,-0.014717198189105626,0.10426515465460959
0.14653696037549974,-0.41910284663051556,-0.014939256650726125,0.052244041476417348,-0.075536649948009488,-0.64492236542301906,-0.15565780111128891,-0.3505938189519614,0.38678200604901658,-0.22350088229168083,0.13683261979882141,-0.089560491573829185,0.069669720885858488
0.017705044772009227,-0.43047736930520974,-0.046062299525758438,0.068599544652919425,-0.034305043515139105,-0.0008980673394307615,-0.008971741862997604,0.527704023137055,0.46005519064680289,0.13006497200427442,0.23971318579140383,-0.26418017471825311,0.41472546422774365
-0.10387236522110131,0.11097005657426613,-0.21437774722577949,0.41180476324829973,0.11649046040997849,0.3230875664761173,0.41090755347764735,0.18879522040046687,0.15050318165035123,0.042409753078150585,-0.43194890619351012,-0.28296824850653568,-0.38446099795818106
0.35238435602066626,0.39802675139748617,-0.61022386750699931,0.018055024972962748,0.0058145166369962809,-0.03358859767103857,0.07834326942145349,0.48745072107706422,0.17292429714854224,-0.16548369851300293,0.14979734385907179,0.075977838900512074,-0.11955500538824773
-0.38072858289444844,0.097210937005987777,0.5366361950987576,0.26828612719083728,-0.28802681297090815,0.14444842178305201,-0.13685058897756283,0.22266888788005365,-0.17326417975386457,0.29409800509673723,-0.0094147060169779487,-0.16192695132426674,-0.41313742536741555
0.42221358348023424,0.17257918729008442,0.27877577382699875,0.15110403167282402,-0.075853271592459054,-0.031840792338037355,-0.1394873642270896,0.66422709056674012,-0.29220120857009163,0.22313972093642798,-0.079193067362920588,0.11151083438544511,0.26476925168074827
0.13633986502358555,0.5940768960347711,0.3071991976967362,-0.04574461701668054,-0.24626122638335199,0.44078266647760178,-0.040429916597783895,0.19685276345021049,0.44773711033718694,-0.10708396858822271,-0.14797592351680244,-0.053272175831582787,0.0055074014122822486
-0.079297106637286063,-0.15783764642747408,0.090073925782675146,0.31277543629497456,-0.11751102062550507,0.4748589144119994,-0.11482698253758473,0.12655377750655394,0.13346453099914238,0.26054725972077086,-0.42280603269545802,0.56967484329594842,0.073242839637473009
-0.03273799770793142,0.01620064630808794,0.11167315459134589,0.099298513404212932,0.047845091615156127,-0.40636430531689965,-0.072162137276497965,0.47678425877535996,0.46446446320196505,-0.18480949203566657,-0.54764278489726703,0.15455314313764035,-0.051979703897259935
-0.2542971888591139,0.13177414826703329,-0.35053968445068417,-0.39428857991835531,-0.11507677281738322,-0.39599243414036983,0.28531521950686195,-0.38296568632865413,-0.099699264334832838,0.17931423665589491,0.31544575144561449,-0.059026097861124824,0.31052078017732465
0.0060933048861033364,0.37919415483462304,0.21917383510287833,0.14794741729617106,0.60398629603411202,0.066062974127829993,-0.033910723364902806,0.28924353160275695,0.18012161725221087,0.27644125270980802,0.11888818606118461,0.29708105461654916,-0.34787701737453702
-0.19375575371199139,-0.28737264061850359,-0.71599141208025807,0.39599518404170914,-0.24069305683374848,-0.035752643246006327,0.16343897208174571,-0.14711572026439984,0.1053319253879073,-0.11033248233424092,-0.035898379191579746,0.23808644173730495,0.14700726168378153
-0.15000389610611436,0.076622237503289031,-0.33076896343295137,-0.20903257881592399,-0.17474012994167151,-0.027998483191535677,0.16430639800529223,0.018309981184559475,0.34008109300319489,-0.52206499390234973,-0.23651942700659237,-0.5142810330389177,0.2263665916492727
