-0.30013644200330325,0.017400263220409631,-0.18444618547824088,-0.20625111663285678,0.26866350485095891,0.11903466130495846,0.49816590170788183,0.17429761779682487,0.68422012097483798
-0.40343754022233647,0.31308912453122484,-0.20808004717410533,-0.15252036274888495,0.01278543930487655,0.21935905135423861,-0.18757199811263012,0.76197353162639037,0.092654227697306496
-0.65731122575821643,0.16099409556484068,0.38261016422948801,0.26371668811431948,-0.23675139410599944,0.047291671421628635,0.51110026639121375,0.049240990844020366,0.064420043793316353
-0.60698322822595896,0.024573542558901113,0.35211469991955946,-0.15866229455608924,-0.053060763201776974,-0.35989771899036405,-0.28580961423580281,0.25329238295568424,-0.45124609302047719
-0.018975909934926812,0.21785677879614165,-0.25253091355387697,0.015061922236048523,0.019622116021321887,-0.48325103714435969,0.023688235861731289,-0.56673668075351691,0.57663803621067333
0.18166872267598183,-0.15369604734495312,-0.46292843113516241,-0.33198218495221704,-0.58476791627417191,-0.18751959392084994,-0.13194851396187784,0.14518128437944863,0.45083696285266223
0.094383128472244948,0.42283302089501862,0.0026283414157977055,0.51602727058167563,-0.46922943520350791,-0.1241763755014985,0.072735122378029288,0.20609474310759959,0.51249539810615474
-0.23768499606286789,0.39083802429706777,0.31537646907717298,-0.086995927473641807,-0.6434248268474787,0.39885178952017303,-0.29999276351094734,0.052039260009690308,-0.13393607511470304
-0.17602335160902302,0.14772760398667392,-0.38745815326404442,0.68990272547226283,0.2528248214860665,0.15630028462415654,0.38721930346349809,0.2816364616274184,-0.059115892431899159
-0.18512636312217662,-0.34657750589032293,-0.071157674290006509,0.40482622087726072,-0.5229023054262818,-0.051705252434131078,-0.42592371678545171,0.46384600290387662,-0.063247112884601775
-0.42818943966475648,0.52997394611057258,-0.084108544851559358,-0.60034723596352302,-0.25150440878399444,-0.23628939115701628,0.19800789567994151,-0.053171492748132466,0.084669302310092967
0.36810569882420502,-0.4146506738764657,0.10238126504433115,0.053109421667808167,0.0047650430546360119,-0.21160895849607703,0.15742832305073082,-0.76546532708142379,-0.15407328850721175
-0.05209626572486524,-0.29291996093381018,0.11151303803622199,0.082609126999403718,-0.17891774733646762,0.75756145783894502,-0.083517943436512865,0.28104457916968073,0.44760722178807238
-0.29581560681686891,-0.30657298491301432,0.417877830372335,-0.35474667693375389,0.15116517990897638,-0.54878741536113607,0.34358590501292796,-0.19098256860369955,0.19873321630560986
0.11346606758772225,0.086593462026256854,-0.5112390289199632,-0.37968297433857762,-0.37590290798690207,-0.017842391780449832,-0.10796758100066114,-0.44014515194860382,-0.47654634364185328
0.49817280908441436,0.49045657039851398,-0.0081044111953036246,0.4947188432641228,0.42584735006127594,-0.12384350689126769,-0.25969730725119133,0.045215213398361279,0.01713192373726766
0.55819171745709684,0.018860491840487988,-0.25407329722278993,0.096963816342717918,0.27205662191008445,0.16424018196714099,0.35864152373051428,-0.041521366609281671,-0.61868704289151988
0.52668051458722243,0.043367855889701594,-0.32510606070464865,0.28352154897173537,0.079053286808417764,0.3864037925127663,0.3044018217687533,-0.27599092808456843,0.45854080591247454
0.38540026035494884,0.37602080424748413,0.15596223611806617,-0.3290166317533621,0.097971599042228366,0.13382457238501666,-0.25761265732700672,0.27646074386969505,0.63811954719875752
-0.025112614706402716,-0.4928344851620084,0.27304124819072934,0.0036921391421296862,0.25469773141431384,0.41146049441629529,0.65796201332272697,-0.10080570229981985,-0.068351285781273391
0.21272818512013408,-0.1130797152124414,0.019282649493005323,0.28111649119004717,-0.42956712282538562,0.16196246038848433,-0.56507887976481197,-0.47361559809920972,0.32890084883714543
-0.33391243726719017,-0.38966146652458095,-0.14720751876032026,0.36143104395997722,-0.16527179262531644,-0.039658760703676126,0.16558129398037699,-0.18823501048266858,-0.70187378195859784
0.29535124110527627,-0.48319214102576452,-0.14269902002771509,-0.28785158513963388,-0.18554536137457867,-0.55315408625827267,0.19636463107181071,0.20657577726674489,-0.39297876467191595
0.42761587115072774,-0.33402702165034265,-0.043752599795972909,0.13431604047323037,-0.69731461432935016,0.31200859860890723,0.25283525103459564,-0.039464123495976035,-0.19114237797483724
-0.29848540152933134,-0.55155374798911561,-0.32631692925956629,-0.096139127468432298,-0.034050754201339614,-0.41077991407708547,-0.47497060330179658,-0.30898542095720116,0.00089552521992661152
-0.16538128395544915,0.17731713504704089,0.492449901588835,0.3176917786201186,0.50662730484506358,0.22454818395050491,0.012454367384675605,-0.10431204100959791,-0.52881326256222594
-0.10602145936444692,0.4934329349301787,-0.2872523195380926,0.034229421079552236,-0.24246408365030916,-0.39075639673297896,-0.6702601039185867,0.027083257253666823,-0.011676358868200678
-0.3857709957331264,0.024975320250761896,0.13923984329136674,0.75187032806548426,0.081487726869232793,-0.34743669565764335,-0.27028696696187199,-0.24807196222902977,0.062553960473458473
0.040129869003452959,0.40306680918361637,-0.23476769215713461,0.14847727584980872,-0.47834463826311469,-0.17498610373682241,0.20948042471058523,0.42196759325235006,-0.52668106352475275
-0.026886748051345881,-0.57581418365606862,0.033277697834060878,-0.45597977647150673,0.26988664582365679,-0.064772630619684649,-0.22187534653824095,0.4951071834770574,0.29545909894973832
-0.098080813692683205,-0.62215366202433586,-0.036436268305757351,0.3856587220337464,-0.26081610575470543,-0.14419989284552828,0.26802462299481433,-0.12997393510323957,0.52506728219428511
0.35650792110318513,-0.20736413789232988,0.23796833426681088,0.16123100405899754,-0.067410100962828401,-0.67565610476485993,-0.37522483448289295,0.14402962254273804,0.35310671124024662
0.34990068311126826,-0.043861391093314488,-0.12856791377079391,-0.75803703663177979,-0.047688575020792143,0.28942600321765688,0.40377279774586766,0.18819869666730635,-0.0017319988174526878
-0.55767416060040598,0.062548589274018129,0.26583770675365831,-0.15021299660538692,-0.032065056210814381,0.084068335196812671,-0.15428354764539851,-0.74203199813350906,-0.096659307656452906
-0.56061019416033619,0.078643410798123564,-0.56165692211058316,0.25865713905433035,-0.43587008844219716,0.14069981518638278,-0.027010646440889016,-0.24692030039228718,0.16028421208584429
-0.34580102601706519,0.58618965367528175,0.06646468729067824,0.26762485144493864,0.24646964047134584,0.47536750478587564,-0.1368431904443578,-0.1403277983711784,0.36827058871827956
0.29476950024000975,-0.098177326719162086,0.37885260180698499,0.58126967185630607,-0.097676687221531708,-0.36875267045251314,0.47487632876194497,0.096647418119592488,-0.20420800839006148
-0.015000845667522402,-0.13193699713634291,-0.41618049935590051,0.16629500437648309,0.41490915363960001,-0.24005930381221038,-0.37657199105363476,0.42494202032813233,-0.47890198024628883
-0.082366519658725143,0.050894858055560169,-0.52510268842159358,0.24603279868359823,0.51432409205712293,0.13186588715225872,-0.17039062873283534,-0.56751026425890705,-0.14608815209702136
0.58470815672198717,-0.13819085246526303,0.60590600716789089,-0.25111045464845644,0.4140278611454461,-0.09049017226916084,0.072233922689720301,0.11782111910356485,-0.10066783511069012
0.024173557720685399,0.021716450110018142,0.46741659269582003,-0.29152960780199066,-0.46019459072774738,-0.23400396103783097,0.19787668914740447,0.6030886895394596,0.1614564488472246
-0.025015013522304515,0.009577134621664091,-0.37426476172355583,-0.0013449955208205745,-0.22902783561598591,-0.20582768347611421,0.8332921295726714,-0.25939950843909304,-0.052191414540029207
0.74214800509480805,0.37807760183169942,0.014821091647639204,-0.15984434644236301,-0.30830780258318924,-0.3469363015292839,0.2013274537809458,-0.15526272334638144,0.021119429926659467
0.073482625346131328,0.059691496825163344,0.38113959952996057,-0.28308030985128663,-0.43919888373661203,0.20996209314950251,0.32940275573771088,-0.39223569154957527,0.51604323421150933
0.30088110258389172,-0.54255155636425256,0.027009810991330561,0.63569179016143795,0.26966662087053855,0.28552870692688964,-0.20762793885549413,-0.018963557009983013,-0.1120673121265069
0.43325058135001798,-0.021160999314591644,0.24187833461071509,0.20293169303841258,-0.24455175959239553,-0.18076737875680374,-0.46638338181133804,-0.084098225389911713,-0.62856293749197034
-0.019380303323121458,0.32244315695744408,-0.08863382731677899,0.067270657044353047,0.22373501912086352,-0.69860366084185732,0.11407349672674467,-0.30403361033307935,-0.48961197405714046
-0.10531116321495172,-0.4457089067265193,0.81736284430104433,0.1586046315561456,-0.24075523815457053,0.086353765316002196,-0.1544147541779535,-0.085771815845935115,-0.019872161119235884
-0.25665955733314227,0.011574250259881878,-0.39458060705017795,-0.5741732052180738,0.11534325425839807,0.42672905145067846,-0.37163114148868098,-0.18298147710272089,0.28570878069847122
-0.051451890869979797,-0.10466097360065076,-0.4758579746413365,0.33948632296125275,0.24235449577775539,0.0032377601253807281,-0.42990215907819734,0.20127518162629943,0.60052748329301786
-0.15403384837333436,0.1629469137270822,0.10811001658629303,-0.20229325286311903,0.42395411736003408,-0.19957630007325705,0.57797726640504044,0.50139657166641893,-0.30345923166803029
-0.4001887575662989,0.27164659641902894,-0.24202401934976905,-0.18923480336328041,0.044910868678673936,0.60446435943717347,0.34399324244085672,-0.033934463445899281,-0.42987742626909597
0.030749766154006417,-0.30271365451177551,0.30782243229888262,-0.035834562277872239,0.50357084699017962,0.19123582281168516,-0.17114653886976849,-0.40719414652050651,0.571075459970938
-0.11602821673507718,-0.0011987802407537034,0.49432299217492159,0.38581828019158143,0.40101303203677391,-0.016134177284545817,0.012912604506007124,0.5377608622084028,0.37802090696974172
0.23673338267052083,0.22238557864268935,-0.50678566598749852,0.26987185824142917,-0.15967772933677571,0.57049811821581653,-0.38337135436779479,0.14960084324444592,-0.21099843847022104
0.59404618857839253,-0.13946399930228651,-0.21618387163885761,0.20378375466471058,-0.020361651609073377,0.01447860154833105,0.098220459447945233,0.71646135650249432,0.12572697776324457
0.27494628624914708,-0.31095471988926265,-0.23450089407309557,0.17994469510668287,0.65364016978490258,-0.42415362951528546,0.31120118508296807,-0.0006497510008488729,0.19063726413647755
0.687703020528598,-0.23629674523347108,-0.35382840679642669,-0.24008617212403308,0.24113761896206076,-0.0099557959235331214,-0.45938947274843489,-0.13268536938381401,0.038754718098254412
-0.75808803442336181,-0.36564533422801621,-0.056219850993382843,0.14066170672660613,0.41838468725287503,0.2767703017808964,-0.10110587965556546,0.078318641236239023,0.025610140469264207
0.33855324752912686,-0.029491169773240983,0.25577197123180656,-0.23805200514855882,0.03498461246415397,0.71355048724142101,-0.16175010127452977,-0.41750991600869475,-0.22708602971162656
0.12381062287845433,-0.076729056180819724,0.35064413521995291,-0.70545929252172501,-0.2555082528325171,-0.19722729726256713,-0.4675071248892203,-0.18818429943806031,0.00037709739763382264
-0.072551332065197593,-0.0070247932011555008,0.28418857060287583,0.017896191606219535,0.24769278144425969,0.29156021286097972,-0.85688443869027009,0.18048176730894291,-0.020490433306838349
-0.031117733329984902,0.57552149421237531,0.70998901455127472,0.020067448502092692,-0.0083782235746267027,-0.33527171079080387,-0.09460944838133245,-0.15596841143384035,0.13253371391464938
0.013506859835296573,-0.57902571164523309,-0.73318214886518163,-0.044902289915843767,0.068115090386689517,0.2701879955917601,0.18752713796633427,0.10373587884517095,-0.037493098071045165
-0.50238286954976208,-0.49125645482832481,0.0232652848982619,-0.46181005290954991,-0.4838814233638889,0.18533608494986031,0.13820258988331674,0.01702510283981893,-0.067736572723800792
0.11288432672241006,0.47160827633286234,0.010312592914875485,0.48943828265728967,-0.28803423383380861,0.16655902402537437,0.1705441166896583,-0.55007351109579083,-0.2877755873600269
0.20963201386210764,0.62629022911585264,0.090840739627422049,-0.44403739715388835,0.20424099840981952,0.10251369275182295,-0.24173484819220939,0.18469235795752953,-0.46219397559833603
-0.16240494862921856,-0.022849824480290201,0.16130266398618079,0.073375131636939983,-0.74575031800772285,-0.53541427454609647,0.024211246411916722,-0.30271702642288267,-0.081635127823202716
-0.32059150834368316,0.30329543095313238,-0.011770652911749911,-0.27096405202611434,0.69527403363162421,-0.346966583672909,-0.27520059354590543,0.073734805936065587,0.21612246587990283
0.3183098401683418,0.45081062829512308,0.38426801428915858,0.12320283774303847,-0.049468003682256095,0.49968887798083417,0.43894886498041896,0.29554076749758451,-0.021243058814084601
0.12297238524109096,0.43392322087082547,0.12309677855193865,-0.29135599276548452,0.49487502323752192,0.093574540468141718,0.46109491455013607,-0.47784962721570301,0.044057119114101061
0.061547013914641548,-0.30046747691703074,0.24078520926606051,-0.14898926524620909,-0.035936293413347906,0.42039964670003971,-0.044867749419592907,0.56173628287338551,-0.57460238049385315
-0.41683045817718173,-0.015641011881581308,-0.34297123733677098,0.13877165192350491,-0.073713066579544809,-0.6969187499669357,0.16284339884117913,0.37072492024964204,0.18449007448895313
