-0.05829045756973446511990636981198420058583,-0.311226670892913170794160265674191717462,0.07553975072120586665703033615520350599457,0.5251822853180190819440897490701536987027,0.284786576840500149875971799672823933585,-0.005729072181166265719088474035196161144941,-0.2272706672466474940992369104775717577641,0.1260040270139268719721817811388988513185,0.381509293471762974347756010598509231027,0.2526333216368604348761287730265147964313,0.2937169510502155555823459790781034673732,0.1892250091973315777668689397471617984982,0.3716229538830105702366571659733642676653
-0.05829045756973446511990636981198420058583,-0.311226670892913170794160265674191717462,-0.4749548476192967635193621512487065974809,0.04398955298123191986089784046241210679374,0.3661013178048374637669479362098982422216,0.09831292705331482473040179953776516123156,-0.2076007345493160389761519558543077001347,0.1260040270139268719721817811388988513185,0.1078555323191102334006123529719834560091,0.4681789309591397864216958368038257950923,-0.3092745783371750547014589770595774055618,-0.07052372363285309448400878094860970014394,-0.3716229538830105702366571659733642676653
0.02708535418993059681203583652430304514479,0.01689040585843233953216735181524891153803,-0.1159503807087981174280442314745020205432,-0.0148336382792218799046403305763343064723,-0.2493053648540905631336507907307552199682,-0.5318517468291651669029244532186882567023,0.2358535274207764940021057016003843170163,-0.3392903339631775551315874974860527674133,-0.05413622020010312724687185653333514724387,0.2314827138548223685112553543055934441979,0.4480444690250897966644278065144511589389,0.2723781640870644511234784629143461521794,0.3716229538830105702366571659733642676653
0.02708535418993059681203583652430304514479,0.01689040585843233953216735181524891153803,-0.221075545873123816333238545521552666431,0.2786955856695954251085341679829534884607,0.3244876259216642105239242597658824830045,-0.2052020966934987213517098943038973889492,0.374653324074000765154172827380895150993,-0.3392903339631775551315874974860527674133,0.1852328567571961867666672035593336047613,0.1673818774184464146422846655637991111782,-0.2999723986778485535508117862672355593759,-0.423246197345545188651556805873418106111,0.3716229538830105702366571659733642676653
0.02708535418993059681203583652430304514479,0.01689040585843233953216735181524891153803,0.4749548476192967635193621512487065974809,-0.04398955298123191986089784046241210679374,-0.3661013178048374637669479362098982422216,-0.09831292705331482473040179953776516123156,0.2076007345493160389761519558543077001347,-0.3392903339631775551315874974860527674133,-0.1078555323191102334006123529719834560091,-0.4681789309591397864216958368038257950923,0.3092745783371750547014589770595774055618,0.07052372363285309448400878094860970014394,-0.3716229538830105702366571659733642676653
-0.05829045756973446511990636981198420058583,-0.311226670892913170794160265674191717462,-0.221075545873123816333238545521552666431,0.2786955856695954251085341679829534884607,0.3244876259216642105239242597658824830045,-0.2052020966934987213517098943038973889492,0.374653324074000765154172827380895150993,0.1260040270139268719721817811388988513185,-0.1852328567571961867666672035593336047613,-0.1673818774184464146422846655637991111782,0.2999723986778485535508117862672355593759,0.423246197345545188651556805873418106111,-0.3716229538830105702366571659733642676653
-0.05829045756973446511990636981198420058583,-0.311226670892913170794160265674191717462,-0.04273599484815673580414527594960224137563,-0.01178066696006015158791925356665882857504,0.3364896088366921981328742227206950867531,-0.502988048259146001714733114110363777985,-0.2147637693883723019437173963292500575598,0.1260040270139268719721817811388988513185,-0.4588866179098489277138108611858593797792,0.04816373190383293690328239821351188748276,-0.3030191307095420567329931698704453135591,0.1634974645153605164006790851776466074689,0.3716229538830105702366571659733642676653
-0.05829045756973446511990636981198420058583,-0.311226670892913170794160265674191717462,0.5481692334799381451432611067736063766485,-0.04093658166207019154417676345273662889648,0.2196936558859452974995770772415520644997,-0.06944922848329565954221046042944068251424,-0.2430165622598327569696711420753266744414,0.1260040270139268719721817811388988513185,0.2271715526766870887087776695184957720013,-0.07691692995053734500925542990844451922862,-0.3117017679814419853463450384759051373146,0.4204373520814399583390168447166960062175,-0.3716229538830105702366571659733642676653
-0.05829045756973446511990636981198420058583,-0.311226670892913170794160265674191717462,0.221075545873123816333238545521552666431,-0.2786955856695954251085341679829534884607,-0.3244876259216642105239242597658824830045,0.2052020966934987213517098943038973889492,-0.374653324074000765154172827380895150993,0.1260040270139268719721817811388988513185,-0.1852328567571961867666672035593336047613,-0.1673818774184464146422846655637991111782,0.2999723986778485535508117862672355593759,0.423246197345545188651556805873418106111,0.3716229538830105702366571659733642676653
0.02708535418993059681203583652430304514479,0.01689040585843233953216735181524891153803,0.1806649158855315655622246502022541518824,0.2316530613692017769309152505108659037697,-0.2890064139352546237816032508238137693877,-0.3323787223168327112703030329499870288981,-0.3660704638998717652513040362580825917408,-0.3392903339631775551315874974860527674133,0.3045488771147730420748325201058459207535,-0.3777139834912307167886666011484712031427,-0.3023995883221154841956978476835632911287,0.06771487836874786417146881979188760025041,0.3716229538830105702366571659733642676653
-0.05829045756973446511990636981198420058583,-0.311226670892913170794160265674191717462,-0.002325364860564485033131380630303726826991,-0.5221293139988573536273686720604782208054,0.3010083968502826113905532137786263731363,0.03459277075118543090727981314352063986226,-0.223346629562501301846586187452062616812,0.1260040270139268719721817811388988513185,-0.3582681892337801482285730165444942295186,-0.3219476613227314381442845899609480361475,0.1636296976342007422327290182286895377516,-0.2695693188229592208109385017576240522859,-0.3716229538830105702366571659733642676653
0.02708535418993059681203583652430304514479,0.01689040585843233953216735181524891153803,-0.002325364860564485033131380630303726826991,-0.5221293139988573536273686720604782208054,0.3010083968502826113905532137786263731363,0.03459277075118543090727981314352063986226,-0.223346629562501301846586187452062616812,-0.3392903339631775551315874974860527674133,0.3582681892337801482285730165444942295186,0.3219476613227314381442845899609480361475,-0.1636296976342007422327290182286895377516,0.2695693188229592208109385017576240522859,0.3716229538830105702366571659733642676653
0.02708535418993059681203583652430304514479,0.01689040585843233953216735181524891153803,0.2515539368856084621529922250968502042229,-0.2874232813104938483797323445399368391385,0.2593947049671093581475295373346106139192,-0.2689222529956281151748318806981419103185,0.3589074290608155022837385957831402343157,-0.3392903339631775551315874974860527674133,-0.3277899813527558681940155141598609222618,0.4470283231771017200568224180829044428589,-0.1549470603623008136193771496232297139961,0.01262943125687977887260074221857465353729,-0.3716229538830105702366571659733642676653
0.02708535418993059681203583652430304514479,0.01689040585843233953216735181524891153803,0.221075545873123816333238545521552666431,-0.2786955856695954251085341679829534884607,-0.3244876259216642105239242597658824830045,0.2052020966934987213517098943038973889492,-0.374653324074000765154172827380895150993,-0.3392903339631775551315874974860527674133,0.1852328567571961867666672035593336047613,0.1673818774184464146422846655637991111782,-0.2999723986778485535508117862672355593759,-0.423246197345545188651556805873418106111,-0.3716229538830105702366571659733642676653
0.02708535418993059681203583652430304514479,0.01689040585843233953216735181524891153803,0.04273599484815673580414527594960224137563,0.01178066696006015158791925356665882857504,-0.3364896088366921981328742227206950867531,0.502988048259146001714733114110363777985,0.2147637693883723019437173963292500575598,-0.3392903339631775551315874974860527674133,0.4588866179098489277138108611858593797792,-0.04816373190383293690328239821351188748276,0.3030191307095420567329931698704453135591,-0.1634974645153605164006790851776466074689,0.3716229538830105702366571659733642676653
0.02708535418993059681203583652430304514479,0.01689040585843233953216735181524891153803,0.5481692334799381451432611067736063766485,-0.04093658166207019154417676345273662889648,0.2196936558859452974995770772415520644997,-0.06944922848329565954221046042944068251424,-0.2430165622598327569696711420753266744414,-0.3392903339631775551315874974860527674133,-0.2271715526766870887087776695184957720013,0.07691692995053734500925542990844451922862,0.3117017679814419853463450384759051373146,-0.4204373520814399583390168447166960062175,0.3716229538830105702366571659733642676653
0.02708535418993059681203583652430304514479,0.01689040585843233953216735181524891153803,-0.3698296824549710646141678372016559515931,-0.2495396709675853851522766580968756881393,-0.2076916729709173098906271142867394607511,-0.2283367230823516208208127593770257065216,-0.3464005312025403101282190816348185341115,-0.3392903339631775551315874974860527674133,-0.2084739609951790128858501976133486062696,-0.09806753773257541137412884862936587146203,-0.157374250006567744264263211039557445749,0.5035905069711728316956263678838803598987,-0.3716229538830105702366571659733642676653
0.02708535418993059681203583652430304514479,0.01689040585843233953216735181524891153803,-0.1806649158855315655622246502022541518824,-0.2316530613692017769309152505108659037697,0.2890064139352546237816032508238137693877,0.3323787223168327112703030329499870288981,0.3660704638998717652513040362580825917408,-0.3392903339631775551315874974860527674133,0.3045488771147730420748325201058459207535,-0.3777139834912307167886666011484712031427,-0.3023995883221154841956978476835632911287,0.06771487836874786417146881979188760025041,-0.3716229538830105702366571659733642676653
0.02708535418993059681203583652430304514479,0.01689040585843233953216735181524891153803,-0.5481692334799381451432611067736063766485,0.04093658166207019154417676345273662889648,-0.2196936558859452974995770772415520644997,0.06944922848329565954221046042944068251424,0.2430165622598327569696711420753266744414,-0.3392903339631775551315874974860527674133,-0.2271715526766870887087776695184957720013,0.07691692995053734500925542990844451922862,0.3117017679814419853463450384759051373146,-0.4204373520814399583390168447166960062175,-0.3716229538830105702366571659733642676653
0.02708535418993059681203583652430304514479,0.01689040585843233953216735181524891153803,-0.07553975072120586665703033615520350599457,-0.5251822853180190819440897490701536987027,-0.284786576840500149875971799672823933585,0.005729072181166265719088474035196161144941,0.2272706672466474940992369104775717577641,-0.3392903339631775551315874974860527674133,-0.381509293471762974347756010598509231027,-0.2526333216368604348761287730265147964313,-0.2937169510502155555823459790781034673732,-0.1892250091973315777668689397471617984982,0.3716229538830105702366571659733642676653
-0.05829045756973446511990636981198420058583,-0.311226670892913170794160265674191717462,0.1806649158855315655622246502022541518824,0.2316530613692017769309152505108659037697,-0.2890064139352546237816032508238137693877,-0.3323787223168327112703030329499870288981,-0.3660704638998717652513040362580825917408,0.1260040270139268719721817811388988513185,-0.3045488771147730420748325201058459207535,0.3777139834912307167886666011484712031427,0.3023995883221154841956978476835632911287,-0.06771487836874786417146881979188760025041,-0.3716229538830105702366571659733642676653
-0.05829045756973446511990636981198420058583,-0.311226670892913170794160265674191717462,0.002325364860564485033131380630303726826991,0.5221293139988573536273686720604782208054,-0.3010083968502826113905532137786263731363,-0.03459277075118543090727981314352063986226,0.223346629562501301846586187452062616812,0.1260040270139268719721817811388988513185,-0.3582681892337801482285730165444942295186,-0.3219476613227314381442845899609480361475,0.1636296976342007422327290182286895377516,-0.2695693188229592208109385017576240522859,0.3716229538830105702366571659733642676653
-0.05829045756973446511990636981198420058583,-0.311226670892913170794160265674191717462,0.1159503807087981174280442314745020205432,0.0148336382792218799046403305763343064723,0.2493053648540905631336507907307552199682,0.5318517468291651669029244532186882567023,-0.2358535274207764940021057016003843170163,0.1260040270139268719721817811388988513185,0.05413622020010312724687185653333514724387,-0.2314827138548223685112553543055934441979,-0.4480444690250897966644278065144511589389,-0.2723781640870644511234784629143461521794,0.3716229538830105702366571659733642676653
-0.05829045756973446511990636981198420058583,-0.311226670892913170794160265674191717462,0.4749548476192967635193621512487065974809,-0.04398955298123191986089784046241210679374,-0.3661013178048374637669479362098982422216,-0.09831292705331482473040179953776516123156,0.2076007345493160389761519558543077001347,0.1260040270139268719721817811388988513185,0.1078555323191102334006123529719834560091,0.4681789309591397864216958368038257950923,-0.3092745783371750547014589770595774055618,-0.07052372363285309448400878094860970014394,0.3716229538830105702366571659733642676653
0.02708535418993059681203583652430304514479,0.01689040585843233953216735181524891153803,0.1159503807087981174280442314745020205432,0.0148336382792218799046403305763343064723,0.2493053648540905631336507907307552199682,0.5318517468291651669029244532186882567023,-0.2358535274207764940021057016003843170163,-0.3392903339631775551315874974860527674133,-0.05413622020010312724687185653333514724387,0.2314827138548223685112553543055934441979,0.4480444690250897966644278065144511589389,0.2723781640870644511234784629143461521794,-0.3716229538830105702366571659733642676653
-0.05829045756973446511990636981198420058583,-0.311226670892913170794160265674191717462,-0.1159503807087981174280442314745020205432,-0.0148336382792218799046403305763343064723,-0.2493053648540905631336507907307552199682,-0.5318517468291651669029244532186882567023,0.2358535274207764940021057016003843170163,0.1260040270139268719721817811388988513185,0.05413622020010312724687185653333514724387,-0.2314827138548223685112553543055934441979,-0.4480444690250897966644278065144511589389,-0.2723781640870644511234784629143461521794,-0.3716229538830105702366571659733642676653
0.02708535418993059681203583652430304514479,0.01689040585843233953216735181524891153803,-0.04273599484815673580414527594960224137563,-0.01178066696006015158791925356665882857504,0.3364896088366921981328742227206950867531,-0.502988048259146001714733114110363777985,-0.2147637693883723019437173963292500575598,-0.3392903339631775551315874974860527674133,0.4588866179098489277138108611858593797792,-0.04816373190383293690328239821351188748276,0.3030191307095420567329931698704453135591,-0.1634974645153605164006790851776466074689,-0.3716229538830105702366571659733642676653
-0.05829045756973446511990636981198420058583,-0.311226670892913170794160265674191717462,0.2515539368856084621529922250968502042229,-0.2874232813104938483797323445399368391385,0.2593947049671093581475295373346106139192,-0.2689222529956281151748318806981419103185,0.3589074290608155022837385957831402343157,0.1260040270139268719721817811388988513185,0.3277899813527558681940155141598609222618,-0.4470283231771017200568224180829044428589,0.1549470603623008136193771496232297139961,-0.01262943125687977887260074221857465353729,0.3716229538830105702366571659733642676653
-0.05829045756973446511990636981198420058583,-0.311226670892913170794160265674191717462,0.04273599484815673580414527594960224137563,0.01178066696006015158791925356665882857504,-0.3364896088366921981328742227206950867531,0.502988048259146001714733114110363777985,0.2147637693883723019437173963292500575598,0.1260040270139268719721817811388988513185,-0.4588866179098489277138108611858593797792,0.04816373190383293690328239821351188748276,-0.3030191307095420567329931698704453135591,0.1634974645153605164006790851776466074689,-0.3716229538830105702366571659733642676653
0.02708535418993059681203583652430304514479,0.01689040585843233953216735181524891153803,-0.2515539368856084621529922250968502042229,0.2874232813104938483797323445399368391385,-0.2593947049671093581475295373346106139192,0.2689222529956281151748318806981419103185,-0.3589074290608155022837385957831402343157,-0.3392903339631775551315874974860527674133,-0.3277899813527558681940155141598609222618,0.4470283231771017200568224180829044428589,-0.1549470603623008136193771496232297139961,0.01262943125687977887260074221857465353729,0.3716229538830105702366571659733642676653
-0.05829045756973446511990636981198420058583,-0.311226670892913170794160265674191717462,-0.2515539368856084621529922250968502042229,0.2874232813104938483797323445399368391385,-0.2593947049671093581475295373346106139192,0.2689222529956281151748318806981419103185,-0.3589074290608155022837385957831402343157,0.1260040270139268719721817811388988513185,0.3277899813527558681940155141598609222618,-0.4470283231771017200568224180829044428589,0.1549470603623008136193771496232297139961,-0.01262943125687977887260074221857465353729,-0.3716229538830105702366571659733642676653
-0.05829045756973446511990636981198420058583,-0.311226670892913170794160265674191717462,-0.5481692334799381451432611067736063766485,0.04093658166207019154417676345273662889648,-0.2196936558859452974995770772415520644997,0.06944922848329565954221046042944068251424,0.2430165622598327569696711420753266744414,0.1260040270139268719721817811388988513185,0.2271715526766870887087776695184957720013,-0.07691692995053734500925542990844451922862,-0.3117017679814419853463450384759051373146,0.4204373520814399583390168447166960062175,0.3716229538830105702366571659733642676653
0.02708535418993059681203583652430304514479,0.01689040585843233953216735181524891153803,0.3698296824549710646141678372016559515931,0.2495396709675853851522766580968756881393,0.2076916729709173098906271142867394607511,0.2283367230823516208208127593770257065216,0.3464005312025403101282190816348185341115,-0.3392903339631775551315874974860527674133,-0.2084739609951790128858501976133486062696,-0.09806753773257541137412884862936587146203,-0.157374250006567744264263211039557445749,0.5035905069711728316956263678838803598987,0.3716229538830105702366571659733642676653
-0.05829045756973446511990636981198420058583,-0.311226670892913170794160265674191717462,0.3698296824549710646141678372016559515931,0.2495396709675853851522766580968756881393,0.2076916729709173098906271142867394607511,0.2283367230823516208208127593770257065216,0.3464005312025403101282190816348185341115,0.1260040270139268719721817811388988513185,0.2084739609951790128858501976133486062696,0.09806753773257541137412884862936587146203,0.157374250006567744264263211039557445749,-0.5035905069711728316956263678838803598987,-0.3716229538830105702366571659733642676653
0.02708535418993059681203583652430304514479,0.01689040585843233953216735181524891153803,0.07553975072120586665703033615520350599457,0.5251822853180190819440897490701536987027,0.284786576840500149875971799672823933585,-0.005729072181166265719088474035196161144941,-0.2272706672466474940992369104775717577641,-0.3392903339631775551315874974860527674133,-0.381509293471762974347756010598509231027,-0.2526333216368604348761287730265147964313,-0.2937169510502155555823459790781034673732,-0.1892250091973315777668689397471617984982,-0.3716229538830105702366571659733642676653
0.02708535418993059681203583652430304514479,0.01689040585843233953216735181524891153803,0.002325364860564485033131380630303726826991,0.5221293139988573536273686720604782208054,-0.3010083968502826113905532137786263731363,-0.03459277075118543090727981314352063986226,0.223346629562501301846586187452062616812,-0.3392903339631775551315874974860527674133,0.3582681892337801482285730165444942295186,0.3219476613227314381442845899609480361475,-0.1636296976342007422327290182286895377516,0.2695693188229592208109385017576240522859,-0.3716229538830105702366571659733642676653
-0.05829045756973446511990636981198420058583,-0.311226670892913170794160265674191717462,-0.3698296824549710646141678372016559515931,-0.2495396709675853851522766580968756881393,-0.2076916729709173098906271142867394607511,-0.2283367230823516208208127593770257065216,-0.3464005312025403101282190816348185341115,0.1260040270139268719721817811388988513185,0.2084739609951790128858501976133486062696,0.09806753773257541137412884862936587146203,0.157374250006567744264263211039557445749,-0.5035905069711728316956263678838803598987,0.3716229538830105702366571659733642676653
0.02708535418993059681203583652430304514479,0.01689040585843233953216735181524891153803,-0.4749548476192967635193621512487065974809,0.04398955298123191986089784046241210679374,0.3661013178048374637669479362098982422216,0.09831292705331482473040179953776516123156,-0.2076007345493160389761519558543077001347,-0.3392903339631775551315874974860527674133,-0.1078555323191102334006123529719834560091,-0.4681789309591397864216958368038257950923,0.3092745783371750547014589770595774055618,0.07052372363285309448400878094860970014394,0.3716229538830105702366571659733642676653
-0.05829045756973446511990636981198420058583,-0.311226670892913170794160265674191717462,-0.1806649158855315655622246502022541518824,-0.2316530613692017769309152505108659037697,0.2890064139352546237816032508238137693877,0.3323787223168327112703030329499870288981,0.3660704638998717652513040362580825917408,0.1260040270139268719721817811388988513185,-0.3045488771147730420748325201058459207535,0.3777139834912307167886666011484712031427,0.3023995883221154841956978476835632911287,-0.06771487836874786417146881979188760025041,0.3716229538830105702366571659733642676653
0.03942454570353322214748102984151094459753,0.3718646079079931397131989756965286238303,-0.5443618681745621590372203945454756414836,0.5098690519663015512112146015665592469133,-0.06604677668429427309582740990926530569824,-0.432962462680112533003223406501026045165,-0.1985837488505012888208225451174874186675,0.269466043868347532889893369609547260855,-3.143711450105530169691661041454014529392e-61,-7.371461331281932811690791407547344413748e-61,5.8538075277827113504603343530523029168e-61,8.810600753739137539712200537350631959175e-61,6.175029935864371876006150146098682281175e-62
-0.3512476986452298504680035024090072360715,0.4591755106850641577600365424108276352142,3.311208796924563271375723486371035177769e-61,-7.625814198977782079531969241339353742742e-61,1.544415237906271742851917304310470797987e-60,8.930229785645034277346648190515822146105e-61,1.46416697511233648112004926290915183457e-60,0.05371712287917291883146742158668614745874,0.4337274446345222306470249263973014505417,-0.2532799886655633251152694335592198899072,0.2522643332398594507621697108697063835578,0.5890584288341461920869292970897609538433,2.362023933976324500393027489530033582123e-60
-0.3512476986452298504680035024090072360715,0.4591755106850641577600365424108276352142,-5.518681328207605452292872477285058629616e-62,3.210869136411697717697671259511306839049e-61,6.600825767963424601798880639156901401329e-61,-7.525474538464916525853917014479625404021e-62,1.364861862825300839560102212737978371762e-60,0.05371712287917291883146742158668614745874,-0.04025477336419061050936451633798406925033,0.1200559580290163516716492816906199523296,-0.7921476321927628606619915572854422018549,0.139160426370632280426146830618090607489,5.965882196065337255655911706009393156417e-61
-0.05829045756973446511990636981198420058583,-0.311226670892913170794160265674191717462,-0.07553975072120586665703033615520350599457,-0.5251822853180190819440897490701536987027,-0.284786576840500149875971799672823933585,0.005729072181166265719088474035196161144941,0.2272706672466474940992369104775717577641,0.1260040270139268719721817811388988513185,0.381509293471762974347756010598509231027,0.2526333216368604348761287730265147964313,0.2937169510502155555823459790781034673732,0.1892250091973315777668689397471617984982,-0.3716229538830105702366571659733642676653
-0.3512476986452298504680035024090072360715,0.4591755106850641577600365424108276352142,4.414945062566084361834297981828046903693e-61,-5.719360649233336559648976931004515307056e-61,5.199247934548631331869211690126368542889e-61,2.357982022052340511434227331203615959927e-61,1.227491092185336416083205013447859754379e-60,0.05371712287917291883146742158668614745874,-0.754560163769114055217944494643686992256,-0.03663392728945161346350492126028588829686,0.2673031021384813557320871674828940363017,0.1440254890786617610136841012050874507109,7.679897452735037037041772209824047784069e-61
-0.3512476986452298504680035024090072360715,0.4591755106850641577600365424108276352142,3.060359645642399387180592919221714330969e-61,7.02377623590058875746365588018098371042e-62,1.045053992701929063421551537093336952076e-61,-1.204075926154386644136626722316740064643e-60,1.171286160081414689864521523414756998607e-60,0.05371712287917291883146742158668614745874,0.2270660352182766351105109442756984729275,0.6908537374254953625564652343666879856704,0.256468349023334803984766060741599453595,-0.2613110988416797994693565625314720063215,-8.260444434293170929846730475652240253094e-61
-0.3512476986452298504680035024090072360715,0.4591755106850641577600365424108276352142,6.647502508977342931170960029457002440219e-61,2.615102402116558492734236162531669827897e-61,-1.117780769663493813301610673822706988813e-60,1.605434568205848858848835629755653419525e-61,9.010663972427322376117235366401193152508e-61,0.05371712287917291883146742158668614745874,0.1340214572805057999697731403086711380371,-0.5209957794994967756493401612378021597959,0.01611184779108725018296861819124232840048,-0.6109332454417604340574036663814670057217,-2.780021836032774843764554021913930300833e-60
0.4148534958470518837818874469264172096466,0.1407742012278145744848427700775909869235,-7.525474538464916525853917014479625404021e-62,2.006793210257311073561044537194566774406e-62,2.961493643845150389987286064050643883425e-61,7.224455556926319864819760333900440387861e-61,-7.119346129022565697761129411281535095828e-61,0.3810273296746923767360525002075737632946,-0.2270660352182766351105109442756984729275,-0.6908537374254953625564652343666879856704,-0.256468349023334803984766060741599453595,0.2613110988416797994693565625314720063215,8.205366019570453775764694389981033138143e-61
-0.4991229423504061717634759665553840782721,-0.1091399370792431263189488605483888403915,-1.712684432320322685025102699185071596333e-61,-6.955008300137347568336586994936674049756e-62,-4.114920465973364953711739496383256139145e-61,-7.368670287942141298400475752297023143383e-61,-3.086256897640324693942001848120657590342e-60,0.8596305965668113470860614832606360209032,1.096672960318867747781616842175629616572e-62,-1.743678509567371788612580971722624329509e-61,-3.002636308111059436996715043295739108567e-62,7.564687329162897563955020253009137805397e-61,7.227109343602534977624333722787925107142e-62
0.03942454570353322214748102984151094459753,0.3718646079079931397131989756965286238303,0.5486632044527924612898210345339205652322,0.4559379911854567161409455468727825947963,-0.2820897203518846372743145729372662940855,0.3689745946599267438815714752284673890429,-0.2508442628886462747598436025320899323751,0.269466043868347532889893369609547260855,3.468922979426791911383901838845809135881e-61,1.018996125206620123969021165160956433665e-60,2.384884548355919439076432514206493780918e-61,1.752667626490256177867601426833761550128e-60,-2.974897297276082989505506122113261719627e-61
0.4148534958470518837818874469264172096466,0.1407742012278145744848427700775909869235,-1.404755247180117751492731176036196742084e-61,1.505094907692983305170783402895925080804e-61,-3.083928339706980710792323308428985987058e-61,-4.164095911283920477639167414678726056892e-61,-8.34534834414080687317489319498250750729e-61,0.3810273296746923767360525002075737632946,0.754560163769114055217944494643686992256,0.03663392728945161346350492126028588829686,-0.2673031021384813557320871674828940363017,-0.1440254890786617610136841012050874507109,-1.032028221293455136138081455541569229573e-60
0.03942454570353322214748102984151094459753,0.3718646079079931397131989756965286238303,-0.4696124334774295292327835453827102945775,-0.4341467398268398210786398933197016645254,-0.1316780360625217130007338586726614453512,0.5614259528774268304377010618968059055583,-0.2144598672455291061534157788683782388689,0.269466043868347532889893369609547260855,-4.227749881176402641999130366093329884355e-61,1.040676893828037573415170551653742740764e-60,-3.252115293212617416922407973917946064889e-61,-1.965406855793980479234413539036568333258e-60,-6.63263776347807334251037450332906925188e-61
0.4148534958470518837818874469264172096466,0.1407742012278145744848427700775909869235,3.963416590258189370283062960959269379451e-61,-4.414945062566084361834297981828046903693e-61,-3.1242107975533230998596944725281660799e-61,-1.454925077436550528331757289466060911444e-61,-8.358029161966619748511335533220829340725e-61,0.3810273296746923767360525002075737632946,0.04025477336419061050936451633798406925033,-0.1200559580290163516716492816906199523296,0.7921476321927628606619915572854422018549,-0.139160426370632280426146830618090607489,-4.878283773008254555480707455804163852934e-61
0.4148534958470518837818874469264172096466,0.1407742012278145744848427700775909869235,-3.035274730514182998761079862506782246289e-61,-4.722235272886735119973332926585964941023e-61,1.552078475341591831309996853879920610421e-60,-2.809510494360235502985462352072393484168e-61,-4.954563455191032308389244319007320031321e-61,0.3810273296746923767360525002075737632946,-0.1340214572805057999697731403086711380371,0.5209957794994967756493401612378021597959,-0.01611184779108725018296861819124232840048,0.6109332454417604340574036663814670057217,3.094463509138847087548377707392211786499e-60
0.03942454570353322214748102984151094459753,0.3718646079079931397131989756965286238303,0.3298830190806190133143965696761994958904,-0.5373075273430534718853044882435866338885,-0.186452200842048666248058405413732520086,-0.550828619774410717349892150915427155186,-0.227709668228580404132300165617113820374,0.269466043868347532889893369609547260855,-1.192442274177959719538216257103246890459e-61,-6.937845958853583822767803677691618271763e-61,-5.8538075277827113504603343530523029168e-61,1.063995857543714412955740863266332373768e-60,-3.491785677026462609973568660152645077009e-61
0.4148534958470518837818874469264172096466,0.1407742012278145744848427700775909869235,7.525474538464916525853917014479625404021e-61,7.324795217439185418497812560760168726581e-61,-1.070112458241597850873549025335043359946e-60,-1.073634367487661424355158827399093224307e-60,-9.251808742664228077407302285993618095942e-61,0.3810273296746923767360525002075737632946,-0.4337274446345222306470249263973014505417,0.2532799886655633251152694335592198899072,-0.2522643332398594507621697108697063835578,-0.5890584288341461920869292970897609538433,-2.247550707481717231104220862830128469683e-60
0.03942454570353322214748102984151094459753,0.3718646079079931397131989756965286238303,0.1354280781185802136657863357180658749385,0.005647224018135025611784233123946456704197,0.8749195646274315566840836865858128091229,0.05339053491716967603384302029117990574982,0.02903481556420127167154591221542056009984,0.269466043868347532889893369609547260855,-2.981105685444899298845540642758117226148e-62,-4.634264292827979819114431362833073142466e-61,-8.096412032060578777546411518399886557379e-62,-2.015167446469168036410320888431721519081e-60,3.68683363421740449686430071703932857105e-61
0.03942454570353322214748102984151094459753,0.3718646079079931397131989756965286238303,3.534707188099252775861987044559554654716e-69,-1.686663773003268810346173847800863265702e-67,-0.208652830686682267065149439652887243902,1.403641040178152965849793636302438939219e-66,0.8625627316490558021948361799196488501858,0.269466043868347532889893369609547260855,-4.190182410101988878880934954342738737753e-70,8.349217940612084042919049286648655705162e-67,8.748936826205104511018971941896468697569e-68,1.908908655639348834715695318263755083127e-61,1.151952774974103217905396787630325376476e-62
0.7428305403966822384288408501775647135026,-0.6024683217567623311674843655466853669431,0.0000001976425743277381602246402389488545660967,-0.0000004265996302163210720692720678569763001377,0.0000002523349315489181530540391086445099834776,0.0000009077872492416638469625437159586454043697,0.0000005597499097579535289575334187292714734705,-0.2919498407810183151034365948620899262738,-0.00000001233823248010370663829358994475003488611,-0.00000000800689249495682641422044552565536404973,-0.000000006231063347547975322351503725768574783768,-0.00000000741623666376797938366405655184665164911,-0.0000002809945855826933145366885472324205592235
-0.8428304855938919733802106478981877140793,-0.3546847355799888467151375357541007061383,-0.0000005663304207112381149192633633613751558424,0.0000005765375432200424133858308119210888405178,-0.00000004268434227169875358746210601630488404587,0.0000000003142181676917178027944955910158596518516,0.000000727157927356229890757886477399110371172,-0.4047659952352423391913487592152519941901,-0.00000007723740706022700839649920211742327941078,0.000000005999121595961046098742243236511850167575,0.00000001391689726746037490924197622136368556189,0.00000002133528240681812679476595793120581440356,-0.0000003886742673572468016088351091393574580752
